Connected
0.102941296 5.865221001 0. 2.60439724115742 2.60439724115742 -0.139417 timing
0.119585394 5.881865099 0.703823 2.3323160293914 2.3323160293914 -0.131813 timing
0.134426689 5.896706394 0.371167 2.58391636652532 2.58391636652532 -0.66704 timing
0.148643789 5.910923494 0.637112 2.41400298538382 2.39910022027383 1.122196 timing
0.162585285 5.92486499 0.081483 2.80624948883662 2.80121072348738 -0.222871 timing
0.17359775 5.935877455 0.197434 3.12946957935528 3.11071754593549 0.444047 timing
0.19056257 5.952842275 0. 3.17077805985695 3.15073166435323 0.049679 timing
0.202851216 5.965130921 1.732938 2.59541545775523 2.17954319653343 2.367605 timing
0.211353077 5.973632782 1.64735 3.84290439508735 3.13305362007862 0.503724 timing
0.223118107 5.985397812 2.427336 2.86015518750958 2.13297228333746 1.136415 timing
0.234381657 5.996661362 1.243283 3.50376327357219 2.78516444352724 0.410352 timing
0.249072856 6.011352561 2.466732 2.86797227323388 2.32872603093991 -0.395769 timing
0.257320768 6.019600473 0.590554 2.76686720430648 2.76686720430648 -1.958272 timing
0.270838663 6.033118368 0.848485 2.97050876217591 2.93145601344347 0.439844 timing
0.28256828 6.044847985 0.011403 3.34511801422819 3.34511801422819 -0.597682 timing
0.297901553 6.060181258 0. 3.46017692012998 3.46017692012998 0.256206 timing
0.311367974 6.073647679 4.471752 2.95559615451396 1.03141510101497 7.172747 timing
0.333296306 6.095576011 9.648235 2.85728037970578 0.450381900981076 3.057904 timing
0.345556246 6.107835951 3.545624 5.71456075941155 1.3979443460472 -5.779041 timing
0.358631333 6.120911038 6.662541 3.07315954150951 0.734239923650521 5.024032 timing
0.359062478 6.121342183 1.754004 2.16709816178253 0.90151221190291 -0.879192 timing
0.392247446 6.154527151 0. 3.05183632665005 1.34243112277108 -2.353483 timing
0.427466194 6.189745899 0.264906 2.46012063960734 1.4214961733087 -0.152328 timing
0.453893578 6.216173283 1.17665 2.44395345271075 1.66719326121786 -0.683093 timing
0.477986226 6.240265931 2.074224 2.58690808826403 1.92955658120826 -0.692231 timing
0.506090906 6.268370611 7.098907 2.42652537014176 1.58997199692875 -2.370262 timing
0.514888276 6.277167981 0. 1.75459751884661 1.75459751884661 -7.430555 timing
0.536327704 6.298607409 0.079695 2.74019134342714 2.74019134342714 -0.226005 timing
0.55543484 6.317714545 1.818583 2.63230383379855 2.48710565356579 -0.466062 timing
0.567810304 6.330090009 0.49442 2.98308296635775 2.98308296635775 -1.325785 timing
0.582928038 6.345207743 2.192604 3.28932278075863 3.02834629354276 -0.397797 timing
0.622980946 6.385260651 0.491293 4.25949651420109 4.25949651420109 -1.939573 timing
0.634094403 6.396374108 0.688977 3.00696544531637 3.00696544531637 0.597749 timing
0.671051139 6.433330844 3.606488 2.97273660871427 2.42613335366957 0.915997 timing
0.682709238 6.444988943 4.781021 2.73806491807531 1.38880271033529 1.626186 timing
0.686591708 6.448871413 2.956828 3.43567920561661 2.66568092007643 -1.426216 timing
0.687838208 6.450117913 1.589541 3.59116285487364 3.44737218353175 -1.637006 timing
0.7089537 6.471233405 1.667329 2.60221256363282 2.48458677404902 -1.163035 timing
0.71979323 6.482072935 0. 2.79090295777967 2.79090295777967 -1.208982 timing
0.73761119 6.499890895 3.611677 3.01462749368242 2.15612636842928 1.906045 timing
0.74458648 6.506866185 0.852263 3.4968661812659 3.4968661812659 -2.089275 timing
0.751963509 6.514243214 0. 3.00803424576488 3.00803424576488 -0.503248 timing
0.770170429 6.532450134 6.033729 1.5206928954015 0.489238572902072 8.408123 timing
0.778242263 6.540521968 0.3029 3.041385790803 1.33106582024616 -5.327567 timing
0.787941946 6.550221651 0.844596 3.25753331918369 1.48329966093421 1.28919 timing
0.798421851 6.560701556 0.047636 4.10512312300048 1.95124879208125 -0.436064 timing
0.838751059 6.601030764 0.022909 3.26599055107311 1.95986640036695 0.214659 timing
0.854128332 6.616408037 0. 3.20414724292556 2.10560839282345 0.160678 timing
0.870901573 6.633181278 0. 4.0310913668116 2.546245104376 0.402244 timing
0.889429145 6.65170885 0. 3.14762886566249 2.36288925514185 -0.022032 timing
0.907714851 6.669994556 1.159584 2.42602324534211 1.73895175512706 1.110794 timing
0.930972237 6.693251942 3.064258 3.05637713723943 1.38092536159106 2.536857 timing
0.931571426 6.693851131 0.741288 3.88318450044351 2.2450203170639 -1.474983 timing
0.94536283 6.707642535 0. 3.3339943394946 2.51467128201346 -1.134798 timing
0.964730274 6.727009979 3.153865 2.74896976552717 1.76872190626422 0.905922 timing
0.977661831 6.739941536 0.814981 2.31305124056502 2.31305124056502 -1.921362 timing
0.990095614 6.752375319 0.94596 2.94089270561142 2.71622607708004 0.660377 timing
1.010052886 6.772332591 1.628749 3.15970237778982 3.02495523448434 -0.901362 timing
1.024829295 6.787109 4.192282 2.69310481173046 2.1585197171106 -0.10015 timing
1.032984872 6.795264577 0.67204 5.06197083187608 5.06197083187608 -3.023919 timing
1.045584043 6.807863748 0.198414 3.14202383040205 3.14202383040205 -0.386724 timing
1.05667131 6.818951015 0. 3.20766016813981 3.20766016813981 -0.175735 timing
1.073719662 6.835999367 5.58885 3.02761851858833 2.20273882285497 3.84083 timing
1.117971502 6.880251207 1.820664 3.19231133063014 3.01578806652441 -5.133469 timing
1.134769886 6.897049591 0. 2.81765713460229 2.81765713460229 -1.6476 timing
1.152345142 6.914624847 1.77158 2.62932460828937 2.49239779879775 1.608259 timing
1.164633579 6.926913284 3.042956 3.02569039028433 2.41789020337565 1.323279 timing
1.176702288 6.938981993 2.371026 2.92471909781413 2.406284832952 0.20891 timing
1.187995872 6.950275577 1.194162 3.6286988797854 3.58019034183344 -0.489256 timing
1.204287888 6.966567593 0.308568 3.59953661238874 3.59953661238874 -1.014773 timing
1.212601033 6.974880738 0.087003 2.82855078810203 2.82855078810203 0.378075 timing
1.229901941 6.992181646 4.204859 2.82050030655554 1.36235329902117 2.771625 timing
1.260924969 7.023204674 6.583867 2.1482068687551 0.642356142256166 4.284439 timing
1.263375085 7.02565479 5.108865 4.2964137375102 1.12991194286717 -0.704055 timing
1.263749866 7.026029571 3.01305 3.19051289773212 1.41874481955513 -1.499156 timing
1.271347951 7.033627656 0. 3.0993105433876 2.16060250004286 -3.454707 timing
1.297131305 7.05941101 0. 2.71800236116502 2.24516890942606 -0.708592 timing
1.316813603 7.079093308 0.961786 2.59912165424956 2.08787422188965 0.710665 timing
1.330562962 7.092842667 0. 3.05460156223928 2.47607498589979 0.131159 timing
1.34440109 7.106680795 0.263939 3.02720484175399 2.45390080588265 0.460235 timing
1.362427186 7.124706891 0.10268 3.16801756331612 2.97129474295372 -0.62974 timing
1.375437526 7.137717231 2.201288 2.84412892389195 2.43810068028426 0.206891 timing
1.385554244 7.147833949 0. 2.74163365823856 2.74163365823856 -2.409124 timing
1.400769481 7.163049186 1.071239 2.73806446049485 2.72457768962663 1.318143 timing
1.412048957 7.174328662 0.071172 3.39968924715475 3.39968924715475 -0.550778 timing
1.42838686 7.190666565 2.245671 4.0232490953276 3.32862299860295 0.669625 timing
1.435236919 7.197516624 0. 3.13083454492974 3.13083454492974 -1.470337 timing
1.455165767 7.217445472 9.616107 2.09025382792723 0.453544266850565 5.689059 timing
1.466889098 7.229168803 12.12563 1.60424404014135 0.252641946408821 4.592034 timing
1.496388974 7.258668679 12.049594 3.2084880802827 0.44041277515315 -1.454992 timing
1.497516321 7.259796026 13.608337 2.958722266832 0.510277208467238 -1.239666 timing
1.515492757 7.277772462 0. 2.86766581646606 0.94931974495839 -11.997953 timing
1.597997637 7.360277342 0.0202 2.56144942016799 1.08341573790967 0.71663 timing
1.631740449 7.394020154 0.383715 2.12469691070184 1.15252854238624 0.106437 timing
1.664250725 7.42653043 2.049447 2.36588487581668 1.34010079874392 -0.34909 timing
1.718348917 7.480628622 0. 3.35881177113462 2.59431775689688 -2.07758 timing
1.739714867 7.501994572 0. 2.56778399645551 2.10643162331901 0.16377 timing
1.754021157 7.516300862 3.059451 3.0183470883608 1.62583876966556 1.398189 timing
1.765402465 7.52768217 0.451409 3.06331826884002 3.06331826884002 -2.679875 timing
1.781590834 7.543870539 0. 2.52728118594644 2.52728118594644 -0.365232 timing
1.79815587 7.560435575 0.659594 2.34283862697988 2.15628513554366 0.727959 timing
1.809685036 7.571964741 1.601145 2.88832059159801 1.79435885293332 1.373147 timing
1.820305815 7.58258552 0.191166 3.66222664900226 2.99780068577618 -0.940422 timing
1.836287517 7.598567222 1.743744 3.15207734286652 2.84883417147377 -0.229362 timing
1.850334199 7.612613904 2.043985 2.52782981089568 2.3513689146274 -2.100508 timing
1.861808677 7.624088382 1.528576 2.74909038314189 2.65019182510287 -1.288324 timing
1.879075363 7.641355068 7.583257 2.29990564687619 0.435990226836263 8.571461 timing
1.914367099 7.676646804 6.510167 4.59981161660188 0.752218963300493 -1.122466 timing
1.915099899 7.677379604 18.397798 2.29990580830094 0.292898680082418 2.643047 timing
1.918224006 7.680503711 0. 2.19441816309627 0.555690732330788 -7.545038 timing
1.987618318 7.749898023 0.182348 2.71513473839567 0.741125872611934 0.063523 timing
2.03994171 7.802221415 1.343223 2.55620962042222 0.908677168143988 -0.522193 timing
2.080666446 7.842946151 0. 2.69814324795581 1.24496313855937 -1.803511 timing
2.11531799 7.877597695 0.075813 2.40884267562377 1.36186126803049 -0.005408 timing
2.140474218 7.902753923 0.363796 2.65961397125218 1.725317710559 -0.372674 timing
2.16489555 7.927175255 0. 2.58651133706249 2.00794722569565 -0.486672 timing
2.186537872 7.948817577 0.074654 2.65778144030212 1.96653883284048 0.463785 timing
2.204752616 7.967032321 0. 2.44883366524516 1.970195975817 0.004194 timing
2.221143183 7.983422888 0. 2.49183564135605 2.1100359809816 -0.01489 timing
2.238776967 8.001056672 0.410151 2.14720545482448 1.33204389143159 1.882294 timing
2.257903591 8.020183296 3.46125 2.58257778273781 1.08123818138166 2.047062 timing
2.277324255 8.03960396 5.829109 3.47900424969797 1.46531638858538 -0.54523 timing
2.299017075 8.06129678 0.356584 3.0310550870767 3.0310550870767 -5.033107 timing
2.323561123 8.085840828 0. 2.06193896514676 2.06193896514676 -0.864768 timing
2.358053355 8.12033306 1.698818 2.62273836039793 2.4695682687006 1.44225 timing
2.359184753 8.121464458 1.131476 3.51566406010275 2.83733583447443 0.897873 timing
2.371699483 8.133979188 2.471407 2.54503677441443 2.06762159975533 -0.062019 timing
2.415513403 8.177793108 0.649638 3.58549223705041 3.58549223705041 -2.298613 timing
2.43110817 8.193387875 0. 2.58971904930883 2.58971904930883 -1.042182 timing
2.453598464 8.215878169 3.359801 2.51278246180905 0.887166346072415 3.897921 timing
2.470425412 8.232705117 6.524453 2.64083407417401 0.563729355958479 3.274252 timing
2.476935821 8.239215526 5.257188 3.19579303807098 0.927271447170543 -2.229594 timing
2.487196208 8.249475913 0. 3.03061440324282 1.52630311015932 -3.38295 timing
2.519089 8.281368705 0. 2.86188280062412 1.58346607812449 0.490295 timing
2.54080773 8.303087435 0. 2.70695509352494 1.71928171717459 0.03429 timing
2.56519505 8.327474755 0. 2.60719553505034 1.81383061341772 0.063346 timing
2.581585965 8.34386567 0.644742 2.10999372565342 1.41753475962386 1.295114 timing
2.603073513 8.365353218 2.315707 2.3788736735899 1.79858978002733 -0.854507 timing
2.622117929 8.384397634 0. 2.26458849943161 2.26458849943161 -2.25877 timing
2.642848791 8.405128496 0.037677 2.64842726192483 2.64842726192483 -0.056047 timing
2.667632611 8.429912316 3.089513 2.2299126504126 0.731761196093689 4.505963 timing
2.696938323 8.459218028 7.35084 3.38929335798625 0.918223622871928 -0.004128 timing
2.70033552 8.462615225 5.42254 2.82279395783572 2.07753080189215 -6.085684 timing
2.705899267 8.468178972 1.161359 2.19262352945742 2.16823672158479 -3.233558 timing
2.738580803 8.500860508 0. 2.4742457356109 2.4742457356109 -1.441369 timing
2.755641939 8.517921644 2.222334 2.80026587485321 2.57278432611549 0.034855 timing
2.76848696 8.530766665 0.657599 2.19969967601286 2.19969967601286 -1.111388 timing
2.785157808 8.547437513 0.11876 4.00890797752868 4.00890797752868 1.565516 timing
2.80638491 8.568664615 9.766025 2.00445398876434 0.328818659559817 5.519264 timing
2.817353441 8.579633146 6.625445 2.94575435781602 0.579613919960355 -1.45409 timing
2.834925903 8.597205608 16.10585 1.85280135558474 0.195013798083209 6.180291 timing
2.869717767 8.631997472 16.92858 3.70560271116948 0.249657863280991 1.159514 timing
2.871657466 8.633937171 5.795511 3.3388216164653 0.464439112667305 -13.206068 timing
2.935787306 8.698067011 0. 1.66941080823265 0.553719175290985 -6.270114 timing
3.002173586 8.764453291 0.034528 2.14196282183207 0.743963560316083 0.049512 timing
3.055846222 8.818125927 0. 1.42957086174399 0.741273276202567 -0.194711 timing
3.101474822 8.863754527 0.030312 2.47918233588638 1.12236874608586 0.346643 timing
3.144122142 8.906401847 0. 2.33285069257217 1.24102474527899 0.016359 timing
3.172473858 8.934753563 5.816102 1.81662025695686 0.95285862239348 0.680141 timing
3.23619071 8.998470415 0.003521 1.86139556041708 1.86139556041708 -5.678102 timing
3.268971564 9.031251269 0.604153 2.12321681343049 2.08050714393379 0.537267 timing
3.285873246 9.048152951 1.19402 2.53656727081989 2.22051440064713 0.388884 timing
3.30189825 9.064177955 0. 3.20647432256772 3.20647432256772 -1.073435 timing
3.320361918 9.082641623 2.235042 2.62618920055028 2.4107243686728 -0.15318 timing
3.331098498 9.093378203 0.590298 3.01284467777972 3.01284467777972 -2.086628 timing
3.348484826 9.110764531 2.000254 2.91584207753748 2.72052906851436 0.719579 timing
3.354834106 9.117113811 0.011723 3.33618543522111 3.33618543522111 -1.627809 timing
3.366385973 9.128665678 0.885099 2.94011507435257 2.94011507435257 0.80152 timing
3.383033284 9.145312989 1.06392 3.35630585115509 3.16123443657855 0.630056 timing
3.38912945 9.151409155 2.926466 3.07175541147536 1.47405602024668 1.524353 timing
3.399940692 9.162220397 1.371655 3.62906579575585 2.53060504536292 -0.824932 timing
3.412510251 9.174789956 0.868107 3.25394364902055 2.49773992953763 0.076028 timing
3.422366103 9.184645808 1.031867 3.4825589879153 2.84891590698909 -0.057801 timing
3.438532541 9.200812246 0.325375 3.57526256107204 2.69181723868741 0.33861 timing
3.452528097 9.214807802 0. 3.1514874062647 2.35200182142329 0.300067 timing
3.464420031 9.226699736 0.939515 3.06003907227624 2.28286198215511 0.233911 timing
3.477119848 9.239399553 2.073826 2.57725370682748 1.26696765396936 2.035383 timing
3.490475706 9.252755411 0.685748 3.58130864655212 1.88047786450069 -0.235264 timing
3.502925063 9.265204768 0.090203 2.46927032715194 1.60986862041412 0.326906 timing
3.519429056 9.281708761 0. 3.15581854043393 2.33899795123538 -0.722608 timing
3.538875072 9.301154777 0. 2.25762452950941 1.89518419168382 -0.012013 timing
3.555154378 9.317434083 0.035164 2.94785239399206 2.09903071645245 0.714081 timing
3.57066631 9.332946015 0.6227 2.52820505619408 1.75121240248299 0.830917 timing
3.588675922 9.350955627 0. 2.31662055059046 2.02691677183318 -0.789312 timing
3.604711751 9.366991456 1.019774 2.92162062567155 2.5013771009186 0.127889 timing
3.622472303 9.384752008 0. 2.52219000723837 2.52219000723837 -1.132277 timing
3.638855534 9.401135239 0.81338 2.45042686543681 2.05060503737435 1.111033 timing
3.651212557 9.413492262 0.521537 3.10779735810669 2.94551498421082 -0.35543 timing
3.663563505 9.42584321 0.326781 3.11113220982673 2.99389598988975 -0.005295 timing
3.679765772 9.442045477 1.929813 2.74181282123821 2.40696869148403 0.270007 timing
3.749718412 9.511998117 4.579195 1.3709064106191 0.836014082428621 2.709208 timing
3.750545361 9.512825066 2.468301 2.74181282123821 1.85976483237371 -2.060418 timing
3.792869377 9.555149082 1.809046 3.36024496317041 3.17699286301274 -2.437348 timing
3.809440351 9.571720056 0.319797 2.56985096150604 2.56985096150604 -2.10291 timing
3.825310161 9.587589866 0.291537 2.77704140679928 2.77704140679928 -0.121238 timing
3.835863611 9.598143316 1.746262 2.74384811300153 2.60552565772467 1.283572 timing
3.846185741 9.608465446 0.007356 3.20833760468734 3.20833760468734 -2.017988 timing
3.859346664 9.621626369 0.41714 2.93829622756946 2.93829622756946 0.515367 timing
3.870597992 9.632877697 0. 3.65673718786108 3.65673718786108 -0.872923 timing
3.895413872 9.657693577 2.57838 2.73146971876398 1.25978517218089 2.123739 timing
3.907195663 9.669475368 5.181539 2.33203152911182 0.647504936316166 2.425376 timing
3.919085713 9.681365418 16.866508 1.31587538923496 0.0909052735977973 11.723035 timing
3.926262081 9.688541786 13.961654 2.63175077846992 0.163097891545636 -3.527485 timing
3.939866861 9.702146566 15.725003 3.40097645222359 0.192438989417171 1.796642 timing
3.946906686 9.709186391 10.291858 3.29339541951896 0.285163631082641 -5.523545 timing
4.026368686 9.788648391 0.490255 2.99337306958131 0.437399867092804 -10.870737 timing
4.122319102 9.884598807 1.634621 1.88707257385803 0.516681196222929 -0.929009 timing
4.193144086 9.955423791 0. 2.52450486984909 0.732011762585496 -2.44928 timing
4.24688461 10.009164315 0. 2.71863647371743 0.923474387507754 -1.420803 timing
4.294113118 10.056392823 1.851627 2.62125672173002 1.11589583537376 -0.532513 timing
4.324735452 10.087015157 0.056817 2.04386653541544 1.42975674238862 -2.626131 timing
4.356354246 10.118633951 0.096279 2.54450001910239 1.96626081734476 -0.553434 timing
4.376884516 10.139164221 0. 2.59140437936901 2.47143142777131 -0.953823 timing
4.397549586 10.159829291 0. 2.5413674089174 2.5413674089174 -0.234215 timing
4.413082331 10.175362036 0.082759 2.58832803708715 2.53392629435705 0.139418 timing
4.424416007 10.186695712 0. 3.09770641347555 3.09770641347555 -0.415396 timing
4.437550459 10.199830164 0. 3.19469069860265 3.19469069860265 -0.136871 timing
4.45111927 10.213398975 0.404112 3.66986944009404 3.66986944009404 0.017142 timing
4.462455879 10.224735584 0.998388 3.1830623161577 3.1830623161577 -0.110291 timing
4.472701039 10.234980744 0.667514 3.52986597540125 3.52986597540125 -0.366118 timing
4.492133927 10.254413632 1.035518 4.06866164524022 4.05865730876637 0.36265 timing
4.497460624 10.259740329 2.257987 5.53118762369761 5.0693147730736 1.299332 timing
4.53648264 10.298762345 3.228604 2.76559381184881 2.06523568254312 0.968751 timing
4.549469793 10.311749498 12.542822 1.82681678735804 0.366532602475437 9.334928 timing
4.574962457 10.337242162 0.391015 3.17327968352423 1.1105275900765 -12.888144 timing
4.614914089 10.377193794 0. 2.48730765645642 1.29150926463194 -1.145945 timing
4.649980577 10.412260282 0.110072 2.7405949285612 1.69374953285945 -0.729202 timing
4.669919411 10.432199116 0. 1.95841019979812 1.60679624599674 -0.871245 timing
4.692358091 10.454637796 0. 2.61470034838201 2.33202522242416 -0.55034 timing
4.713902843 10.476182548 0.028436 2.93977454491495 2.93977454491495 -0.774889 timing
4.735758887 10.498038592 0. 2.86560890647479 2.86560890647479 -0.730101 timing
4.743892045 10.50617175 0.761595 2.55334136447296 2.55334136447296 0.710293 timing
4.75700317 10.519282875 1.755304 2.98588819740395 2.53912462655659 0.372244 timing
4.766660037 10.528939742 0.295453 3.43765113422135 3.43765113422135 -1.985661 timing
4.778648286 10.540927991 0.289684 2.79358828520756 2.79358828520756 -0.068824 timing
4.790885109 10.553164814 0.190201 3.23066322159867 3.23066322159867 -0.159542 timing
4.805641333 10.567921038 2.419575 2.5086944545205 1.51942027587716 2.003486 timing
4.820664081 10.582943786 6.299786 2.0069916415364 0.60764039556559 3.983592 timing
4.832504401 10.594784106 3.129875 4.01398328307279 1.54297879666112 -3.109363 timing
4.839402372 10.601682077 2.867288 6.27500844985192 2.24416145114405 -0.045063 timing
4.862371584 10.624651289 0.582239 3.18902464778932 3.18902464778932 -3.146919 timing
4.883804304 10.646084009 3.437829 2.20890357746252 1.07130718438842 2.858178 timing
4.894345813 10.656625518 0. 3.23398590736952 3.23398590736952 -3.904407 timing
4.911388927 10.673668632 2.034581 2.87905989135169 1.82396510241769 1.812536 timing
4.92241005 10.684689755 0.291786 3.36633577925516 3.36633577925516 -2.177667 timing
4.9408462 10.703125905 0.061216 3.31811853929876 3.31811853929876 -0.239544 timing
4.945953239 10.708232944 0. 3.08780008002197 3.08780008002197 -0.508013 timing
4.961296359 10.723576064 2.172118 2.74976700658893 1.58654350812813 2.122996 timing
4.970890646 10.733170351 2.067296 3.63573341890089 2.11249145958538 0.011102 timing
4.980923552 10.743203257 0.949462 3.79643560483795 3.79643560483795 -1.338291 timing
4.990395263 10.752674968 0.995404 3.66621592320101 3.66621592320101 -0.617673 timing
5.008378475 10.77065818 2.045627 3.10748495333557 2.59210442839462 0.8621 timing
5.023789135 10.78606884 3.015333 3.51663220650427 2.66212234063987 0.32752 timing
5.038523358 10.800803063 3.789656 3.05196622607444 2.27740658101557 2.771646 timing
5.08249191 10.844771615 1.549219 1.52598311303722 1.46898240601279 -2.26281 timing
5.09309956 10.855379265 0. 3.05196622607444 3.05196622607444 -2.143533 timing
5.12394316 10.886222865 0.986087 2.40613835501144 2.40613835501144 0.979532 timing
5.133105324 10.895385029 0.503939 3.84154697295876 3.84154697295876 -0.674003 timing
5.143541786 10.905821491 0.592127 2.93337327094305 2.93337327094305 0.011568 timing
5.163385564 10.925665269 2.849213 2.8900722121162 2.54238820160561 -0.827316 timing
5.171185077 10.933464782 3.189818 2.67155342662518 2.29532290832151 0.466931 timing
5.181545619 10.943825324 1.737797 3.33781628299809 3.17141115311205 -1.417646 timing
5.190639895 10.9529196 0.949118 3.95560518840006 3.95560518840006 -0.86627 timing
5.204925513 10.967205218 0.488885 3.176253780816 3.176253780816 -1.430066 timing
5.218113955 10.98039366 2.110046 2.44020372662778 2.25948979854285 1.502762 timing
5.247233045 11.00951275 6.397368 2.5551284878424 0.550349043697996 4.310672 timing
5.264433029 11.026712734 4.496403 4.85638840792181 1.30387725218056 -1.87664 timing
5.269457653 11.031737358 7.049471 2.43066344843107 0.653772587854881 2.457474 timing
5.269549917 11.031829622 2.758877 3.54884717159545 2.01860867914256 -4.716932 timing
5.270754651 11.033034356 0.129947 2.58247479391744 2.48540446832763 -2.572641 timing
5.297938651 11.060218356 0. 2.97588505062764 2.97588505062764 -1.124975 timing
5.315377291 11.077656996 1.361594 2.30704252046648 1.7462825413527 1.693534 timing
5.324598613 11.086878318 0. 3.16134179123471 3.16134179123471 -1.55881 timing
5.33536376 11.097643465 0. 3.3657362137111 3.3657362137111 -0.084139 timing
5.350741732 11.113021437 1.117926 1.96525443591656 1.65220016711585 1.162739 timing
5.365612221 11.127891926 0.56171 3.47206438746747 3.3110866331954 -0.544541 timing
5.376222314 11.138502019 1.663599 2.96103226240197 2.13268117164953 1.007312 timing
5.387160602 11.149440307 0. 3.80590798455522 3.80590798455522 -2.42506 timing
5.41426973 11.176549435 1.023794 3.33980951425789 3.33430611062879 0.531737 timing
5.422617865 11.18489757 1.22999 3.33262649269234 3.05484731869745 0.252802 timing
5.429931267 11.192210972 4.228873 2.83164354751152 1.05310079499983 3.035956 timing
5.436874708 11.199154413 4.912979 3.54395042535949 1.23629093402746 0.478609 timing
5.448363504 11.210643209 0.554867 3.24081784760165 3.06970366979851 -4.902182 timing
5.458950758 11.221230463 0.305853 3.60746373325377 3.60746373325377 -0.752468 timing
5.481078844 11.243358549 0. 3.19888913576496 3.19888913576496 -0.772655 timing
5.499499486 11.261779191 1.742991 5.72351816109622 5.43621800614494 2.916455 timing
5.854677576 s
IP packets send/received: 320 10066 
