Connected
connected timeout
connected timeout
connected timeout
connected timeout
connected timeout
connected timeout
connected timeout
connected timeout
connected timeout
connected timeout
connected timeout
connected timeout
0.053989272 9.838575081 0. 3.49121729993635 3.42957523002687 0.836389 timing
0.070408892 9.854994701 0. 2.60676143065444 2.51159277736188 0.674517 timing
0.089142716 9.873728525 2.202201 3.2812845315693 2.80747160313757 0.435917 timing
0.186698692 9.971284501 29.25245 1.64064226578465 0.0107998577118746 29.096054 timing
0.187033034 9.971618843 18.791368 3.2812845315693 0.0177109276354327 -8.583853 timing
0.190291451 9.97487726 24.93239 1.64064226578465 0.0171970951687918 8.945368 timing
0.19035892 9.974944729 22.968568 3.06687659097499 0.0230803899900709 0.666158 timing
0.190635291 9.9752211 26.258836 2.2216548155358 0.0263694038279516 5.627736 timing
0.196243599 9.980829408 33.008388 1.5381709360048 0.0277795531854195 9.413682 timing
0.414450623 10.199036432 1.572627 3.07634187200961 0.0439290144877375 -33.681796 timing
0.801695359 10.586281168 1.572627 1.5381709360048 0.0589587063354354 -33.681796 timing
1.003642143 10.788227952 1.572627 3.04824899639788 0.0802204558402059 -33.681796 timing
1.418954943 11.203540752 0. 3.12582037522055 3.12582037522055 -2.498975 timing
1.623079951 11.40766576 0. 1.56291018761027 1.56291018761027 0. timing
1.691685583 11.476271392 0.068099 2.38230983725003 2.29399031662779 -2.387095 timing
1.720288597 11.504874406 0. 1.55167884187783 1.1074429167386 3.125582 timing
1.728141053 11.512726862 0.070196 3.10335797766526 1.96578344190995 1.837955 timing
1.746231613 11.530817422 0.319228 3.6081298759386 2.42097709270115 1.514943 timing
1.784920685 11.569506494 1.332906 2.4753475612939 1.75887408011766 0.728716 timing
1.788262007 11.572847816 1.276527 3.05139980917577 2.18673099798631 0.751711 timing
1.79828681 11.582872619 5.930744 2.81494929818266 0.755939574664028 4.692024 timing
1.841725042 11.626310851 8.161333 2.54781943262811 0.545500044148746 2.518094 timing
1.85165898 11.636244789 28.618982 3.56070884707055 0.0367573050118298 23.930296 timing
1.931998836 11.716584645 40.103704 7.12141769414111 0.0230687699858001 18.333048 timing
1.99764184 11.782227649 0. 7.93817679691853 0.0323232057953488 -6.263785 timing
2.200713808 11.985299617 1.685371 15.8763535938371 0.043150942502549 0. timing
3.906530256 13.691116065 0. 7.93817679691853 0.0580607549100177 -2.301614 timing
3.907284289 13.691870098 0. 3.96908839845926 0.0776288333500746 -2.301614 timing
3.908797173 13.693382982 0. 1.98454419922963 1.98454419922963 -1.669803 timing
4.107843845 13.892429654 0. 2.62232823501977 2.62232823501977 0. timing
4.391887269 14.176473078 0. 1.79195259725395 1.79195259725395 2.139575 timing
4.404338024 14.188923833 0. 3.20669114939347 1.16071479174578 -2.005321 timing
4.413866936 14.198452745 0. 3.31644444525412 1.19036617128137 -1.377461 timing
4.429085177 14.213670986 0. 3.20562298829255 1.36620178226626 -0.304758 timing
4.449883509 14.234469318 0. 2.26963763304113 1.24286607465662 0.866126 timing
4.476513229 14.261099038 2.846911 2.39865222214617 1.20997603975669 3.705762 timing
4.504797965 14.289383774 0. 4.08533064834551 2.11746708081173 -1.674876 timing
4.527514063 14.312099872 0.553487 2.04706602612558 1.53200415017531 0.327845 timing
4.54178208 14.326367889 0.90771 1.78178834825262 1.47521284069052 -0.387345 timing
connected timeout
4.589363228 14.373949037 0.951407 0.89089417412631 0.83679452536988 -0.606303 timing
4.6116032 14.396189009 1.014507 1.78178834825262 1.6516170655672 -0.922636 timing
4.64903194 14.433617749 6.869245 2.75290023601448 1.67048807126328 -0.169442 timing
4.66750273 14.452088539 3.991345 2.31790578683486 1.88385435405033 -5.16375 timing
4.692306178 14.476891987 10.717436 2.91606263910432 1.48686955514794 0.753966 timing
4.701526662 14.486112471 0.844185 2.3543834188984 2.3543834188984 -10.781363 timing
4.722798952 14.507384761 4.300882 2.58539647072237 2.05665156187648 2.77648 timing
4.744239708 14.528825517 4.332641 3.2169982543504 2.55345577214023 -0.416998 timing
4.758739885 14.543325694 6.240868 3.40629720067818 2.36873620969099 1.011585 timing
4.767554646 14.552140455 1.050028 3.3357890935944 3.32424191854045 -6.483021 timing
4.78671165 14.571297459 5.139025 3.78177252121246 2.17566532148297 3.255253 timing
4.852496506 14.637082315 11.287658 2.17000701702709 0.28764713561811 5.090917 timing
4.871499298 14.656085107 17.782188 1.76138671361404 0.090466508574087 5.826665 timing
4.871606368 14.656192177 18.48879 3.52277342722809 0.11938982936232 0.238836 timing
4.872783864 14.657369673 33.15008 2.20888436913661 0.0260850674808468 14.171429 timing
4.873114434 14.657700243 21.101836 4.41776873827322 0.0509963664092911 -12.9559 timing
4.882785688 14.667371497 14.800063 3.86274432140749 0.0729839242215897 -7.517694 timing
4.974442808 14.759028617 0.70522 3.05729736144825 0.100614989471781 -15.640082 timing
5.373753656 15.158339465 0. 1.93778164451003 0.129451564666777 -1.99416 timing
5.693150136 15.477735945 0.857667 3.41740075218693 0.176088383987547 -1.99416 timing
5.898928552 15.683514361 0. 2.1458387113547 0.224522653656047 -5.10047 timing
6.072359288 15.856945097 0. 2.93649436628251 0.300823047745817 -0.711236 timing
6.202630184 15.987215993 0. 2.55080435031711 0.382764352939011 -1.692116 timing
6.302598776 16.087184585 0. 2.83386002644463 0.500457632828066 -1.976851 timing
6.38036064 16.164946449 0.519078 2.4909853060146 0.615588455071361 -1.077144 timing
6.441359108 16.225944917 0. 2.71929141745223 0.788409760574431 -1.634555 timing
6.491838628 16.276424437 1.62145 2.68736581316066 0.914001618916442 0.945499 timing
6.530193284 16.314779093 0. 2.48938357824275 1.29432279402453 -3.112312 timing
6.569400384 16.353986193 2.322697 2.70013133146106 1.64232943741195 -0.74938 timing
6.595446212 16.380032021 4.742599 2.51621162715838 1.86098074048496 -0.896396 timing
6.617636596 16.402222405 2.736243 2.35141987210997 2.08479838540102 -3.240889 timing
6.638575872 16.423161681 1.677621 2.52293415517585 2.40717415473058 -1.975927 timing
6.65907653 16.443662339 2.12982 2.88520116679479 2.6678729412485 0.439734 timing
connected timeout
connected timeout
connected timeout
connected timeout
connected timeout
connected timeout
connected timeout
connected timeout
connected timeout
connected timeout
connected timeout
connected timeout
connected timeout
connected timeout
connected timeout
connected timeout
connected timeout
connected timeout
connected timeout
connected timeout
connected timeout
connected timeout
connected timeout
connected timeout
connected timeout
connected timeout
connected timeout
connected timeout
connected timeout
connected timeout
connected timeout
connected timeout
6.699891434 16.484477243 0.435752 1.4426005833974 1.4426005833974 -2.334561 timing
6.716132255 16.500718064 4.540005 2.41371172114558 1.20252559733976 4.105812 timing
6.755027015 16.539612824 10.903364 2.59458747262729 0.306841716269997 5.752055 timing
6.765996175 16.550581984 9.609572 2.90713071220178 0.537041260594224 -2.536614 timing
6.772527397 16.557113206 1.811444 3.0358593280178 1.29512155597978 -8.520614 timing
6.806647293 16.591233102 0. 2.72410022307893 2.50864797593266 -3.751653 timing
6.913014053 16.697599862 76.202392 1.36205011153947 0.00397228930977501 60.066812 timing
6.968335629 16.752921438 119.108624 0.681025055769734 0.00346754201875312 27.451848 timing
6.990537189 16.775122998 120.817928 1.36205011153947 0.00524526016982185 -10.883318 timing
7.002275957 16.786861766 124.46024 0.983918245425867 0.0065655186959813 3.646945 timing
7.205468485 16.990054294 65.38912 1.96783649085173 0.00963963722430261 -66.524292 timing
8.219679365 18.004265174 0. 0.983918245425867 0.0129517911062277 -7.750918 timing
8.653951109 18.438536918 0. 1.88138609375031 0.0173381403327406 -7.750918 timing
8.772176837 18.556762646 0. 0.940693046875153 0.0227678198211659 -7.750918 timing
10.180390341 19.96497615 0. 1.88138609375031 0.0306965883260155 -7.750918 timing
10.462447205 20.247033014 0. 1.95887346124595 0.0408352141192857 -3.661524 timing
11.418097189 21.202682998 0. 1.8781568659908 1.8781568659908 -4.801052 timing
11.987706725 21.772292534 0. 2.08436699311233 2.08436699311233 11.134039 timing
12.014304945 21.798890754 15.651502 2.48448693123329 0.0464084736071747 15.635385 timing
12.037393169 21.821978978 30.157526 1.24224346561664 0.0184936075328509 14.514676 timing
12.037426554 21.822012363 23.981924 2.48448693123329 0.0306163477423912 -6.071366 timing
12.056713468 21.841299277 9.722412 1.59474978469321 0.0461011691958831 -13.953725 timing
12.057658453 21.842244262 0.676618 3.18949956938641 0.0641709272861927 -9.033644 timing
12.667206101 22.45179191 1.098594 3.98979951647059 0.0855019003298336 -0.59232 timing
13.126918965 22.911504774 0. 1.99489975823529 1.99489975823529 -13.897384 timing
14.370391477 24.154977286 11.027723 2.47719548329125 0.13191475163763 11.549686 timing
14.370746632 24.155332441 11.641089 2.33611795342436 0.159028398604992 0.132041 timing
14.372337601 24.15692341 10.526752 3.55030944942683 0.229819945947426 -1.490582 timing
14.372360999 24.156946808 8.833313 2.22036138061919 0.285017428439994 -2.570381 timing
14.522250919 24.306836728 37.818112 3.02728035241653 0.0337433123819437 30.355386 timing
14.703042471 24.48762828 0. 3.5713553930213 0.053619128875566 -44.379512 timing
15.491602343 25.276188152 0. 2.85396633647068 0.0708060305440897 -0.317176 timing
16.054092391 25.8386782 0.685233 2.74472974698028 0.0931815408459555 2.482421 timing
16.471108551 26.25569436 0. 3.04396074583727 3.04396074583727 -0.981205 timing
16.721204743 26.505790552 0. 2.73931056114235 2.73931056114235 8.023975 timing
16.732508803 26.517094612 3.965152 3.60695545352776 0.538353514908916 3.329634 timing
16.757720139 26.542305948 13.298013 2.10341215843865 0.127434889980382 8.550964 timing
16.769216758 26.553802567 16.23721 3.05672297617803 0.12824388781365 2.158367 timing
16.787966922 26.572552731 18.79418 2.99137168925228 0.132823028296299 2.374824 timing
16.797030886 26.581616695 22.059224 5.49613578112203 0.171319551199659 -3.577096 timing
connected timeout
connected timeout
connected timeout
17.018494934 26.803080743 0. 2.74806789056101 0.28112444286434 -29.349218 timing
17.176124854 26.960710663 0. 4.2649601272824 0.380457630339713 -0.048843 timing
17.282305758 27.066891567 0. 2.1324800636412 0.434914179837438 1.7158 timing
17.372733214 27.157319023 1.554147 2.86573321027798 0.539527360333411 5.585367 timing
17.438349538 27.222935347 0. 2.46715628314714 0.674563361855155 -2.01665 timing
17.534445154 27.319030963 19.6193 1.61960513030486 0.115050000685356 15.25213 timing
17.579921634 27.364507443 18.399956 1.22075385872292 0.126135815137616 2.619322 timing
17.696915322 27.481501131 0. 2.01647704451222 0.245535757103752 -15.578193 timing
17.890938698 27.675524507 7.526485 2.36942321812042 0.292928340831279 2.117368 timing
18.014262106 27.798847915 1.011913 1.61272144282659 0.393122128725614 -6.855501 timing
18.145973258 27.930559067 12.887295 2.19656626979703 0.44528224763172 -1.684499 timing
18.193885114 27.978470923 0. 2.83218393983683 0.97708589261275 -11.581894 timing
18.24322367 28.027809479 0.108379 1.98157344720608 1.0170677299196 -0.396592 timing
18.277875634 28.062461443 0.318792 2.37125049814135 1.02142396875081 3.25026 timing
18.315343838 28.099929647 6.193261 1.75066788022371 0.52661890797161 5.677402 timing
18.352497046 28.137082855 0.143277 3.45931191279426 0.93107594395041 -0.619252 timing
18.392136406 28.176722215 0. 1.97820712181127 0.976297610597405 -1.145963 timing
18.430841542 28.215427351 0.665097 3.17582250052021 1.13204898101773 2.204441 timing
18.461918698 28.246504507 0. 3.59056158298533 1.01877749188224 3.400145 timing
18.545908586 28.330494395 7.007914 3.12929564299443 0.317415543132402 7.701152 timing
18.546328206 28.330914015 10.108996 1.57659950658132 0.285934301149273 1.596564 timing
18.567941614 28.352527423 6.904151 2.63948797413096 0.479407145647777 -2.318633 timing
18.62448699 28.409072799 3.02983 3.42631800785874 0.743077101143025 -5.414269 timing
18.707519742 28.492105551 7.805263 2.51456032335674 0.616419822833478 1.395632 timing
18.772842162 28.557427971 34.11744 2.85809956091434 0.0330488805853576 25.784976 timing
18.804038542 28.588624351 19.700968 2.53921159370786 0.0489146816174901 -7.286828 timing
19.117604046 28.902189855 0. 2.1718670049604 0.0698704544458966 -19.725492 timing
19.31874443 29.103330239 1.130558 1.2115043817209 0.0891126606812663 0. timing
19.73028891 29.514874719 0. 2.42300876344179 0.121980244441739 -2.469724 timing
19.874502286 29.659088095 4.529634 1.73513921675155 0.15208958314087 -2.469724 timing
19.980176542 29.764762351 4.529634 2.5852689845829 0.207939047866594 -2.469724 timing
20.17888307 29.963468879 0. 2.36191555330186 2.36191555330186 4.107621 timing
20.272884006 30.057469815 0. 3.24796231697626 1.21100882711903 -6.345639 timing
20.296264876 30.080850685 5.46416 2.92707406842661 1.12610166751573 0.9678 timing
20.320732724 30.105318533 16.832776 2.35195185159505 0.479528039512361 3.861994 timing
connected timeout
connected timeout
connected timeout
connected timeout
connected timeout
connected timeout
connected timeout
connected timeout
connected timeout
connected timeout
connected timeout
connected timeout
connected timeout
connected timeout
connected timeout
connected timeout
20.422467308 30.207053117 1.213513 1.17597592579753 1.01208897784202 -15.902912 timing
20.47580574 30.260391549 0.423457 2.35195185159505 2.35195185159505 -1.463578 timing
20.59296286 30.377548669 25.230432 1.17597592579753 0.025419884863809 25.000044 timing
20.594606771 30.37919258 23.198736 2.35195185159505 0.0386313340863425 -2.358102 timing
20.594864494 30.379450303 36.433672 3.02939730173964 0.0262542991414844 11.959443 timing
20.595062291 30.3796481 34.098344 3.26690356901837 0.0360204393480526 -2.701278 timing
21.053832467 30.838418276 0. 2.1369107110693 0.0541144643524137 -34.966208 timing
22.809916307 32.594502116 0. 2.29632968477045 0.0729009820986797 -3.715519 timing
22.835351491 32.6199373 0. 2.38781120318344 2.38781120318344 -3.819859 timing
22.893280123 32.677865932 0. 1.71290162859475 1.71290162859475 -0.961704 timing
22.936506727 32.721092536 0. 1.87562834808933 1.87562834808933 25.835056 timing
22.969740235 32.754326044 16.98673 2.49384453899189 0.0343046990268521 16.029858 timing
22.990518731 32.77510454 35.343564 1.70764696275122 0.00954004108031127 17.901172 timing
23.021413595 32.805999404 41.332816 1.89493014816054 0.00919842284416815 6.002438 timing
23.02563823 32.810224039 40.485808 3.24227880906413 0.0129786340251317 -0.950231 timing
23.060745506 32.845331315 39.14244 4.00210804397091 0.0184726589133935 -2.014133 timing
23.060880164 32.845465973 30.643446 2.99008957949949 0.0269593298500335 -8.473578 timing
23.29980682 33.084392629 0. 2.38969728920902 0.0391256905932746 -52.9738 timing
25.114100452 34.898686261 0. 2.45880555236232 0.0540454154604089 -9.94691 timing
25.171062584 34.955648393 0. 2.76653899453936 0.0722298206175226 -1.457459 timing
26.413110712 36.197696521 0. 2.56679679770793 0.095862637827116 -1.457459 timing
26.41419294 36.198778749 0. 2.136657950848 0.125561332112544 -2.312578 timing
27.498153644 37.282739453 0. 2.39616011831041 0.185178906061038 -3.028769 timing
27.500006178 37.284591987 0. 2.13249657832828 0.291595790712247 -3.915351 timing
27.500267952 37.284853761 0. 1.94470504673749 0.468184058515692 -5.11743 timing
27.50101493 37.285600739 0. 2.27468596206797 0.61071310968898 -0.518553 timing
27.576748738 37.361334547 2.16465 2.61111731325846 0.711004583861828 1.532119 timing
27.63824729 37.422833099 2.091439 2.63232920888498 0.909500987938787 -0.515241 timing
28.749995514 38.534581323 10.240955 5.26465884069218 0.271798761683249 8.293467 timing
28.759117728 38.543703537 0. 2.63232942034609 0.627900937589774 -10.910567 timing
28.759438101 38.54402391 0. 3.15307036577656 0.864533728001986 -1.965955 timing
28.814363245 38.598949054 2.025772 2.83138663980905 1.25638795517799 -3.390538 timing
28.841815793 38.626401602 0. 1.89139792592702 1.89139792592702 -2.622597 timing
28.873780873 38.658366682 4.080781 2.20204309924126 1.65859706821912 3.654802 timing
28.880738839 38.665324648 4.760576 4.2042488985145 2.90371681601 0.128885 timing
connected timeout
connected timeout
connected timeout
connected timeout
connected timeout
connected timeout
28.929590515 38.714176324 6.025487 2.10212444925725 1.36898521547772 0.30665 timing
28.943486613 38.728072422 4.546956 3.48072377129962 2.72204662551532 -2.810851 timing
28.944385082 38.728970891 1.826155 3.41079087297011 3.22096014651594 -3.309166 timing
28.971972218 38.756558027 0. 2.5010706716567 2.5010706716567 -3.474988 timing
28.995609694 38.780195503 0.697735 2.87399142135312 2.87399142135312 -0.313266 timing
29.001081458 38.785667267 1.806167 3.33991095745201 3.1583979766513 0.343463 timing
29.024655168 38.809240977 5.292608 2.01430396786162 1.14716605732806 2.699781 timing
29.029017535 38.813603344 8.17518 2.8338612518423 0.760117862806891 3.05152 timing
29.055561485 38.840147294 11.564571 3.57937611718961 0.416632930520356 3.692573 timing
29.05723494 38.841820749 7.638975 7.15875223437923 2.12137285089451 -7.958924 timing
29.057974934 38.842560743 7.402751 3.57937611718961 2.2676518440242 -2.220585 timing
29.083979206 38.868565015 0.560867 1.78968805859481 1.78968805859481 -6.822788 timing
29.102256878 38.886842687 0.601754 2.41262392510381 2.41262392510381 -1.877018 timing
29.121699474 38.906285283 2.946322 2.89112481677911 2.52625242541203 1.393705 timing
29.135593128 38.920178937 0. 2.99186659313609 2.99186659313609 -4.59934 timing
29.176007268 38.960593077 15.076963 1.49593329656805 0.090714695373143 13.136377 timing
29.256275468 39.040861277 30.755008 1.60143127920579 0.0237129232004184 10.626294 timing
29.256441347 39.041027156 31.634466 2.10206605868323 0.0307677737376379 0.272766 timing
29.257114919 39.041700728 38.270136 3.63168056106627 0.0307689256687058 3.258048 timing
29.282712349 39.067298158 51.124936 1.81584028053314 0.022041797102158 11.085618 timing
29.295866429 39.080452238 15.825384 1.70851364110076 0.0353613358739164 -35.14312 timing
29.893666621 39.67825243 22.857616 1.40506988044385 0.0431002842598435 8.989182 timing
31.633794365 41.418380174 20.41326 1.7551963840212 0.057654047787098 -2.250512 timing
31.634877292 41.419463101 0. 0.8775981920106 0.8775981920106 -27.786734 timing
31.961709964 41.746295773 0. 1.7551963840212 1.7551963840212 -2.379256 timing
31.977643612 41.762229421 0. 1.61410163678024 1.61410163678024 0.192869 timing
31.998688144 41.783273953 0. 2.57009968862012 0.850818632512613 -5.352243 timing
32.020432508 41.805018317 1.685913 2.59948516422062 1.00026783294575 1.614632 timing
32.058012392 41.842598201 9.816471 3.18813509372201 0.550343978422647 1.135285 timing
32.08756423 41.872150039 4.984043 1.594067546861 0.648429892554724 -5.852997 timing
32.123849562 41.908435371 0.238015 2.41939139843156 1.193401648488 -6.574279 timing
32.164124714 41.948710523 0. 2.31026960242748 1.42530704692717 -1.981276 timing
32.193229972 41.977815781 0.859585 2.08457424600381 1.46017693594204 0.332715 timing
32.210154984 41.994740793 1.365452 3.76291910102889 2.37102590140301 -1.322417 timing
32.254649948 42.039235757 0.528708 2.31275787200867 1.78383480278685 0.222276 timing
32.266032582 42.050618391 0. 3.52714739908939 3.30474525636233 -1.045567 timing
32.328551058 42.113136867 0.225244 3.28917090067453 3.03440252005055 0.070557 timing
32.329315706 42.113901515 1.654586 2.49337810578443 1.76960411156455 0.920139 timing
32.329421659 42.114007468 2.263396 2.61318109341787 1.8236711265577 0.221538 timing
32.329579506 42.114165315 7.249524 1.98171749494652 0.747465510698602 5.418339 timing
32.329679313 42.114265122 6.39776 3.84674036063895 1.35176131182231 -2.042379 timing
32.365959265 42.150545074 0. 3.4155039572545 3.4155039572545 -7.401709 timing
32.389322885 42.173908694 0. 2.62569825239781 2.62569825239781 -0.516989 timing
32.408230617 42.192816426 1.493717 3.12030010034705 2.94911233230794 0.815161 timing
32.417270695 42.201856504 0.51577 3.82909396260978 3.53152235039366 0.185975 timing
32.434781065 42.219366874 4.252983 2.41223532162389 1.2753580950833 1.696 timing
32.441368302 42.225954111 0.346522 3.37658100770046 3.37658100770046 -4.008943 timing
32.488821914 42.273407723 25.325742 2.87510953414504 0.093697798248144 3.91693 timing
32.491561952 42.276147761 17.78804 1.43755476707252 0.436102191860689 -5.569681 timing
32.491676425 42.276262234 10.617743 2.87510953414504 1.47615333038175 -8.338061 timing
32.501467462 42.286053271 12.32897 2.76352241495156 1.2601638397586 -0.090722 timing
32.508502047 42.293087856 12.39486 2.64975721340767 1.2027811671661 0.303508 timing
32.518843104 42.303428913 12.075447 3.32236625316212 1.54185432450425 -0.05251 timing
32.575697888 42.360283697 0. 3.01724205402657 3.01724205402657 -12.824277 timing
32.600752424 42.385338233 0. 2.71958029758357 2.71958029758357 0.014932 timing
32.612985056 42.397570865 0.882802 2.21082177287018 2.21082177287018 0.980431 timing
32.623591449 42.408177258 1.862859 2.75501062934017 2.59506747112069 1.53456 timing
32.638125639 42.422711448 2.076173 2.44783192669652 2.27188094589508 1.349848 timing
32.647556701 42.43214251 0.186545 2.91617059669186 2.91617059669186 -0.786739 timing
32.667539117 42.452124926 3.881285 3.81472506225937 0.535673031772695 6.484521 timing
32.674075439 42.458661248 1.343075 4.29017661104851 0.892006264950252 -1.665926 timing
32.698353311 42.48293912 0.913714 3.56844392627278 1.13735577139677 -0.514278 timing
32.70531093 42.489896739 0.767427 1.78422196313639 0.721401985581471 6.168128 timing
32.743125066 42.527710875 0. 3.56844392627278 1.16552214203962 -1.0209 timing
32.778373358 42.562959167 0.153691 2.43303889810543 1.07974949073705 1.005396 timing
32.809732262 42.594318071 4.234263 2.80011607903082 1.19905550959566 0.241006 timing
connected timeout
connected timeout
connected timeout
connected timeout
connected timeout
connected timeout
32.88051639 42.665102199 9.744248 1.86675915388777 1.01826348537222 -1.756811 timing
32.93357901 42.718164819 37.860828 0.933379576943884 0.0109427317264502 32.956546 timing
32.99453655 42.779122359 59.9696 1.00795623461904 0.0125544783442605 3.37832 timing
33.017034178 42.801619987 60.324424 0.50397811730952 0.0119272919735848 8.278912 timing
33.218359506 43.002945315 52.70656 1.00795623461904 0.0197148599755921 -7.437329 timing
33.600924978 43.385510787 1.43103 2.01591259325857 0.0328327240682721 -7.437329 timing
33.780763586 43.565349395 1.43103 2.44767614185048 0.0439281551590487 -7.437329 timing
33.983250482 43.767836291 1.43103 1.22383807092524 0.0568970061951061 -7.437329 timing
34.619276722 44.403862531 0. 1.65129829095062 1.65129829095062 -2.85601 timing
34.820930386 44.605516195 0. 1.54344015325878 1.54344015325878 0. timing
34.985132114 44.769717923 0. 2.16876195183546 2.16876195183546 -2.493225 timing
35.008805142 44.793390951 1.279657 2.63341783769296 1.42168847199294 -0.843354 timing
35.022170708 44.806756517 0. 3.02596979847954 1.38513054246663 -2.879303 timing
35.036689464 44.821275273 0. 2.72340946130466 1.47651863149505 -0.060229 timing
35.06189549 44.846481299 0.979178 2.67488200250444 1.69049043413949 0.156985 timing
35.083067974 44.867653783 0. 2.0381270577663 1.56372837358601 -0.319363 timing
35.104237246 44.888823055 0. 2.86528992610301 2.14838602237815 -0.244825 timing
35.12603071 44.910616519 0.381485 1.87216487117554 1.60038728121903 0.750134 timing
35.144858192 44.929444001 1.563593 1.92605699783859 1.53518563199678 3.791704 timing
35.162379176 44.946964985 0. 3.38448203419269 2.76518913124049 -1.696553 timing
35.182236364 44.966822173 0.186185 2.3584460914989 2.13775051600762 -0.120689 timing
35.2015978 44.986183609 1.397353 2.57250013993779 2.22589521500458 1.184609 timing
35.211438844 44.996024653 3.168695 2.55334375200649 1.89605753349578 0.091233 timing
35.226466273 45.011052082 2.625415 3.37243552666517 3.0131017697927 -3.115492 timing
35.239790981 45.02437679 0.326725 1.6881546441975 1.68535569501892 0.753806 timing
35.262822561 45.04740837 5.677589 3.37630928839501 2.36595781796421 0.16174 timing
35.279527704 45.064113513 7.507443 1.6881546441975 0.847789145566804 1.973293 timing
35.284554005 45.069139814 0. 3.37630928839501 3.37630928839501 -7.221408 timing
35.308148665 45.092734474 3.713204 2.83570446850186 2.24624209620014 1.653974 timing
35.318851163 45.103436972 1.69383 4.30358786421844 4.10151551298609 -3.308918 timing
35.331239756 45.115825565 4.305915 3.16352920413993 2.5156713164259 1.547062 timing
35.341592685 45.126178494 3.342698 2.74419991724187 2.33288606868758 -0.196685 timing
35.402516561 45.18710237 1.871012 3.25388387205428 3.06324696325543 -1.22131 timing
35.403792466 45.188378275 25.614984 1.7146479958691 0.0655225725902442 10.049265 timing
35.403975736 45.188561545 20.112608 1.24502699711556 0.0920769493539912 -2.236206 timing
35.404179609 45.188765418 12.670813 2.49005418345137 0.183106265470825 -9.631105 timing
35.404901164 45.189486973 10.346425 1.98451150784115 0.228759721310789 -2.342956 timing
35.577625356 45.362211165 0.190935 2.74451319314495 0.366272262262386 -9.35497 timing
35.697812924 45.482398733 0. 1.93983251421664 0.438931463359564 -0.571782 timing
35.779386572 45.563972381 0.065789 2.04134165386052 0.546829191707421 0.825117 timing
35.86489186 45.649477669 0. 2.73666520874881 0.743424050366979 -0.400079 timing
35.9053991 45.689984909 0. 2.7591976905192 0.888926313303989 0.681719 timing
35.946405512 45.730991321 0. 2.70065607613002 1.06304201176548 -0.036374 timing
35.984361084 45.768946893 0. 2.30362004666855 0.969537790137912 2.082912 timing
36.014443804 45.799029613 0.264846 1.65947331979339 0.944884578058055 0.126805 timing
36.048876112 45.833461921 0.026768 2.43519999548156 1.34992929020283 -0.191061 timing
36.083925208 45.868511017 1.33559 2.81273935387854 1.61452091279557 0.075729 timing
36.123312856 45.907898665 1.03186 2.8509898419566 0.915612944299169 2.991761 timing
36.126158847 45.910744656 0. 3.29060837994476 1.38068424095232 -1.328008 timing
36.148239439 45.932825248 0.224791 2.44969227086503 1.30954957697009 0.394389 timing
36.169247579 45.953833388 1.471996 2.77354075301191 1.49460195458614 0.292529 timing
36.194816303 45.979402112 1.11543 1.9818655192233 1.37425776324786 -0.032796 timing
36.216713485 46.001299294 0. 3.00334154742847 2.38140850196556 -0.950117 timing
36.242207965 46.026793774 0.006711 2.2599172421175 1.80695332934239 0.280817 timing
36.255584776 46.040170585 0.391691 2.85238829632909 1.7419909774564 0.985004 timing
36.27330768 46.057893489 0.657747 2.98873087567498 1.31003668486517 2.139283 timing
36.288005025 46.072590834 1.390189 2.94930636666931 1.59339859939641 -0.405009 timing
36.309173181 46.09375899 0. 2.31131268636845 2.14517354609796 -1.729317 timing
36.330384287 46.114970096 0. 2.63764845526353 2.37708429225921 0.134568 timing
36.350919097 46.135504906 0.164948 2.62765345446457 2.22097750121595 0.236643 timing
36.367035458 46.151621267 0.431444 2.94868798772292 2.04175109316991 0.604437 timing
36.38042561 46.165011419 0.023919 3.29528125539274 2.22140871805301 0.236767 timing
36.394406917 46.178992726 0.926161 3.27370602044008 1.65008557603235 1.337915 timing
36.41019236 46.194778169 1.533824 2.85125577769115 2.10051578277867 -0.894385 timing
36.424642249 46.209228058 0.547577 2.42181627203631 1.87898829141659 0.288279 timing
36.444122279 46.228708088 0.381638 2.55881414956756 1.65158559878647 1.025693 timing
36.460364709 46.244950518 0. 3.13879533019901 2.54292150080172 -0.848851 timing
36.478719209 46.263305018 1.096609 2.55764137509441 2.11453230524353 0.275953 timing
connected timeout
connected timeout
connected timeout
connected timeout
connected timeout
connected timeout
connected timeout
connected timeout
connected timeout
connected timeout
connected timeout
connected timeout
connected timeout
connected timeout
connected timeout
connected timeout
connected timeout
connected timeout
connected timeout
connected timeout
connected timeout
connected timeout
connected timeout
connected timeout
connected timeout
connected timeout
connected timeout
connected timeout
connected timeout
connected timeout
connected timeout
connected timeout
connected timeout
connected timeout
connected timeout
connected timeout
connected timeout
connected timeout
connected timeout
connected timeout
connected timeout
connected timeout
connected timeout
connected timeout
connected timeout
connected timeout
47.871927992 s
IP packets send/received: 461 10558 
