Connected
0.04104986 0.329927902 0. 2.23344381728047 2.23344381728047 -1.464398 timing
0.057428902 0.346306944 0.65715 2.518507587496 2.50944987693985 1.271379 timing
0.072891664 0.361769706 0.936012 1.85677745302809 1.77078685882471 2.974973 timing
0.088463035 0.377341077 1.35899 2.77575675330657 2.45929882214387 1.175557 timing
0.101254555 0.390132597 1.310409 3.25791581675973 2.89893203619808 0.45868 timing
0.127601547 0.416479589 0.319474 2.24056018380689 2.11241329035961 0.384712 timing
0.154493043 0.443371085 20.513122 2.63505458924736 0.20885070111833 2.363356 timing
0.163077668 0.45195571 10.73757 1.3208663670854 0.672556572089493 -7.545479 timing
0.171696867 0.460574909 16.90292 1.85973823367093 0.236153184545296 6.687613 timing
0.17951957 0.468397612 15.352192 3.23487951979098 0.352409535672044 0.145652 timing
0.193822159 0.482700201 11.907391 3.25546983608697 0.482348187796897 -1.898744 timing
0.297167135 0.586045177 0. 2.99161857447476 0.884287733325072 -12.449639 timing
0.346626103 0.635504145 0.471101 3.11440851139865 1.06951976382309 0.493573 timing
0.382938739 0.671816781 0.124767 2.03967912899327 1.16218008925322 -1.083264 timing
0.413057991 0.701936033 0. 2.10946588050952 1.16558698338704 1.158372 timing
0.441879615 0.730757657 0.63399 2.34198280778209 1.31396243883105 0.618619 timing
0.468988811 0.757866853 0.057843 2.45473777575347 1.65147572419388 -0.502999 timing
0.496770535 0.785648577 1.038314 2.71893604368419 1.51119877244615 1.490013 timing
0.537629295 0.826507337 13.244876 2.68242328390562 0.226381766098336 8.182186 timing
0.563710533 0.852588575 10.287551 3.86396275747419 0.338057304509656 -0.786832 timing
0.577414422 0.866292464 3.01424 2.09126780813333 0.463823257973378 -3.450345 timing
0.614346646 0.903224688 0. 2.65492433044345 0.62063803286836 2.319485 timing
0.698483974 0.987362016 17.472866 4.5386129058217 0.361759191849749 5.111036 timing
0.749090194 1.037968236 19.274428 2.26930645291085 0.263178573922948 8.186287 timing
0.84349713 1.132375172 0. 3.69355404482943 0.647225974619451 -19.49542 timing
0.923954122 1.212832164 0. 2.30763066021984 0.696818232004065 1.554226 timing
0.975605274 1.264483316 0. 2.95945070253989 0.915626657701156 0.217726 timing
1.023183978 1.31206202 3.776474 2.50899276513008 0.949862077521825 0.200342 timing
1.05477295 1.343650992 0. 3.17102660244357 1.91319284491099 -3.855044 timing
1.086644158 1.3755222 0.377607 2.7519000985017 1.86529101454344 0.253485 timing
1.114761966 1.403640008 9.243733 1.37595004925085 0.688742639441379 8.71035 timing
1.218933262 1.507811304 12.74287 2.64734159011771 1.17304421153802 -9.412753 timing
1.24796323 1.536841272 3.587982 1.97850286118515 1.65360089155571 -7.443229 timing
1.283722918 1.57260096 4.871641 2.74462284511551 2.09862419326607 1.36111 timing
1.31648128 1.605359322 9.935541 2.89022235519252 0.543484823093434 5.30607 timing
1.377709256 1.666587298 37.319312 2.86574323524815 0.0425970772414798 5.134875 timing
1.416977888 1.70585593 40.921472 2.75545450577945 0.184288538260748 -7.653325 timing
1.42798106 1.716859102 47.907568 1.37772725288972 0.0912383557493975 3.197284 timing
1.428458232 1.717336274 38.47728 1.95804999779803 0.221225459420899 -12.047962 timing
1.562685912 1.851563954 0. 3.91610022960241 3.91610022960241 -39.639304 timing
1.609376344 1.898254386 2.70967 1.9580501148012 1.77202025017673 2.832231 timing
1.6284751 1.917353142 4.001636 3.28041862979052 2.75237025293197 1.116922 timing
1.634647325 1.923525367 12.27588 2.60980091427456 1.34858214498312 2.669333 timing
1.646942048 1.93582009 0. 2.82221168792512 2.82221168792512 -12.453176 timing
1.666688464 1.955566506 0.264818 2.44287684234312 2.44287684234312 1.537663 timing
1.685724988 1.97460303 3.124424 3.46325690310342 3.06158668262115 1.714242 timing
1.697892316 1.986770358 4.099421 2.73877618294437 2.28717504008559 1.325055 timing
1.70938663 1.998264672 2.040626 2.95078489185168 2.77718450716162 -0.978884 timing
1.723911184 2.012789226 2.622515 2.5080270182354 1.19737049138012 3.047174 timing
1.737239662 2.026117704 5.912378 3.20125486689802 1.43630222309498 -0.072799 timing
1.753897101 2.042775143 3.362867 3.57880067364632 3.11587887743541 -1.741747 timing
1.759640907 2.048518949 0.111878 4.98889040122749 4.98889040122749 -0.952052 timing
1.787023471 2.075901513 3.466442 2.98755589244981 2.5828906667457 0.303939 timing
1.797037937 2.085915979 4.851913 2.64777241439384 1.43837876171953 0.714933 timing
1.841221329 2.130099371 20.36817 1.32388620719692 0.0480330061804032 16.807036 timing
1.842721222 2.131599264 20.640296 2.64777241439384 0.0838820412072166 -3.686792 timing
1.84277584 2.131653882 11.052746 4.41074883122155 0.162220288815481 -6.860964 timing
1.842881164 2.131759206 4.4426 8.82149766244311 0.294441828222091 -8.467004 timing
1.864591654 2.153469696 2.713733 4.41074883122155 0.396062083118308 -2.501425 timing
1.914158738 2.20303678 2.24672 2.28151649270869 0.468735373476581 -2.023188 timing
1.99336029 2.282238332 1.229106 2.68707734580917 0.635881376453418 -2.444756 timing
2.052715618 2.34159366 0. 2.44961407439641 0.781011281856694 -1.19202 timing
2.104083202 2.392961244 2.182506 3.01962711549217 0.988738972790488 0.483707 timing
connected timeout
connected timeout
connected timeout
connected timeout
connected timeout
connected timeout
connected timeout
connected timeout
2.168714242 2.457592284 0.546742 2.28105940340077 1.12224205111654 -0.478039 timing
2.20022394 2.489101982 0.195955 2.61134204476657 1.35167555298743 0.213409 timing
2.2273499 2.516227942 0. 2.47746124940772 1.49034414542353 -0.00306 timing
2.2591945 2.548072542 8.913867 3.15044933899019 0.313602100644071 12.480161 timing
2.282157776 2.571035818 4.43131 5.55841192398777 0.493298914814648 -1.991356 timing
2.319524424 2.608402466 0.216848 2.77920596199388 0.615446798072672 -4.36182 timing
3.401454536 3.690332578 0. 1.78603275294536 0.654807499624117 0.181869 timing
3.402017127 3.690895169 3.192888 2.45377842413779 0.817244986543191 0.652143 timing
3.402646349 3.691524391 3.380675 3.15082346128842 1.0683512674282 0. timing
3.454008557 3.742886599 2.757077 4.26634946802783 1.52590935219262 -0.395653 timing
3.536177765 3.825055807 27.482442 2.13317473401392 0.340271431264216 -0.395653 timing
3.546755449 3.835633491 28.873588 2.80210780624068 0.109935837837768 4.915261 timing
3.560123949 3.849001991 30.842132 1.49285173314401 0.0645001787297433 5.413329 timing
3.567492738 3.85637078 11.230609 2.98570346628801 0.158028544523153 -16.16566 timing
3.69890321 3.987781252 0. 5.97140693257602 0.245715456702009 -16.3777 timing
3.873864154 4.162742196 0. 2.98570346628801 0.307138595316331 -0.284241 timing
4.00351729 4.292395332 3.400923 2.69728018211909 0.380631011131041 -0.056376 timing
4.100477226 4.389355268 0.433342 2.44110302575197 0.499208895278503 -2.3833 timing
4.179260618 4.46813866 0. 2.20736023414401 0.617892063337859 -1.462916 timing
4.244685502 4.533563544 1.014859 2.76281198410169 0.78648965912989 0.862166 timing
4.296619798 4.58549784 8.097845 2.29323416140679 0.62443983737123 2.067206 timing
4.368793678 4.65767172 25.627816 4.18004503039233 0.0586288699777703 26.875392 timing
4.384129044 4.673007086 0. 7.19618317676965 0.0913571008109549 -24.480454 timing
4.575097108 4.86397515 0.166249 3.59809158838482 0.119149112438015 0.471804 timing
4.777309028 5.06618707 1.77964 2.80655834306167 0.154744081020011 0. timing
4.887720012 5.176598054 1.77964 2.711758254299 0.20186184035508 0. timing
5.084939916 5.373817958 0. 2.68797270027726 2.68797270027726 -2.177776 timing
5.221118828 5.50999687 11.362916 2.25698557975766 0.24870750728104 7.837301 timing
5.29278746 5.581665502 29.84053 1.77480474872929 0.0439377378226602 10.721002 timing
5.293183404 5.582061446 39.883656 2.91116547632088 0.0285943902497597 10.578148 timing
5.308040971 5.596919013 0. 1.89459225967015 0.0450312144593119 -36.1166 timing
5.657320203 5.946198245 0. 2.88264448850831 0.0602321620452207 -0.183233 timing
5.861905131 6.150783173 0.983255 2.71247612366236 0.0796158782673221 0. timing
6.265021995 6.553900037 0. 3.177446028847 0.104743413925412 4.359299 timing
6.473806411 6.762684453 0.396454 2.0415615528503 0.134877469614372 0. timing
6.615766203 6.904644245 0. 2.77184918494455 0.181703633034608 -2.484126 timing
6.794613659 7.083491701 0. 2.78926327715452 2.78926327715452 -0.604058 timing
6.848300055 7.137178097 0. 3.21409651254638 3.21409651254638 2.068977 timing
6.848647667 7.137525709 0. 4.29002158888428 2.2615390391551 -1.028716 timing
6.883395179 7.172273221 0.264836 3.73302662242204 2.50293962498375 -0.078496 timing
6.896496737 7.185374779 0. 3.56712083012197 2.71604799102961 -1.273057 timing
6.914620475 7.203498517 1.944501 2.3281343684797 1.72225631555301 2.322344 timing
6.932216543 7.221094585 6.617683 2.23680523486694 0.900886337110744 1.549815 timing
6.942160399 7.231038441 3.78905 2.6486490418774 1.5410791561049 -2.518859 timing
6.953390145 7.242268187 0. 2.90923916044727 2.78301801861483 -3.936143 timing
6.977818809 7.266696851 1.085858 2.14750167134587 1.94274959779012 0.614191 timing
6.996294281 7.285172323 1.324171 2.63074483926669 2.32928487869173 0.098398 timing
7.012550607 7.301428649 4.048245 4.06197184635016 2.47963990737068 0.893325 timing
7.02357215 7.312450192 0.605145 2.03098592317508 1.95703785884004 -0.884879 timing
7.078720022 7.367598064 13.044461 2.28179404385462 0.359035928925262 4.405292 timing
7.079010152 7.367888194 4.635852 4.56358808770924 2.79666254239737 -7.3522 timing
7.080443415 7.369321457 7.224813 2.28179404385462 1.48214568088057 -0.990311 timing
7.083245752 7.372123794 0. 2.38751804864699 2.38751804864699 -7.177125 timing
7.146986704 7.435864746 12.757991 2.02821526712303 0.492076853850892 4.069728 timing
7.147231297 7.436109339 3.526268 1.99073029753848 1.67095283474538 -7.438703 timing
7.162885151 7.451763193 10.041218 1.68591671978889 0.659084884131156 5.726292 timing
7.202213639 7.491091681 0.207594 2.53760248605744 2.2699525559965 -9.876264 timing
7.236258591 7.525136633 0.003696 2.7982014928808 2.28949524273659 0.522584 timing
7.251067758 7.5399458 0.164297 2.86899552498687 2.58269401121274 -0.20731 timing
7.26750051 7.556378552 2.064581 2.69600724683589 2.50422867532891 -0.60889 timing
7.280035355 7.568913397 0. 2.50306447415289 2.50306447415289 -1.601277 timing
7.291979672 7.580857714 1.091437 3.12932313680265 3.10955270762062 0.554 timing
7.307235278 7.59611332 1.832875 3.0780607015213 2.34552030888601 1.231111 timing
7.321353132 7.610231174 0.922388 2.9586768516854 2.22731606578821 0.415846 timing
7.332467427 7.621345469 4.120721 3.45680043834525 2.03862943978005 0.366023 timing
7.366121187 7.654999229 5.540153 3.02391009625886 2.20747949401239 -0.58358 timing
7.384881899 7.673759941 3.465088 2.36675979475466 1.99502182146442 -1.1545 timing
7.38494427 7.673822312 1.736043 3.15525150824835 2.99831253418715 -1.72905 timing
7.389068958 7.677947 2.694384 3.28223603932834 2.91852741196233 -1.593461 timing
connected timeout
connected timeout
7.42942415 7.718302192 0. 3.95437934116767 3.95437934116767 -2.612298 timing
7.444290028 7.73316807 3.352337 3.04398930553513 1.61155757472388 3.97922 timing
7.463969114 7.752847156 1.277859 3.29951451784374 3.23657487646286 -2.242095 timing
7.474906495 7.763784537 4.188971 2.78364618062897 1.32380138163689 2.661287 timing
7.488810208 7.77768825 0. 3.02536243090383 3.02536243090383 -3.006531 timing
7.501948292 7.790826334 1.131073 3.77960675618549 2.62410230923886 1.48586 timing
7.520003864 7.808881906 0.886288 3.05611289263118 2.34027939513548 0.13195 timing
7.529692928 7.81857097 1.96906 2.54715913401564 1.6549759076963 0.978403 timing
7.541823658 7.8307017 1.531177 2.91269609454458 2.27526198355795 -0.560296 timing
7.554187386 7.843065428 0.119626 3.31704605144681 3.31704605144681 -1.540936 timing
7.573216786 7.862094828 0.946558 4.70030735316668 4.70030735316668 -0.416016 timing
7.586000345 7.874878387 1.29467 2.69172879090957 2.43796680948652 0.67178 timing
7.59573851 7.884616552 0.857053 3.01152306437177 1.85445934994318 1.377673 timing
7.618300812 7.907178854 11.110849 3.40382991113457 0.879763632255365 1.306326 timing
7.631037228 7.91991527 20.993048 1.70191495556728 0.0757240744876423 11.312086 timing
7.64003072 7.928908762 17.779192 3.40382991113457 0.112780894916401 -0.414336 timing
7.644707243 7.933585285 6.202107 4.64054209145018 0.189007480007937 -8.253641 timing
7.727510283 8.016388325 1.768798 4.16152846763347 0.256731186464751 -4.409998 timing
7.881571691 8.170449733 0.567933 2.08076423381674 0.330748873265527 -1.898701 timing
8.027865355 8.316743397 4.402112 2.25749714609316 0.403248632415145 4.598397 timing
8.093771459 8.382649501 0. 2.03011607310078 0.543582049105259 -5.067725 timing
8.211925603 8.500803645 26.728748 2.32833734629513 0.056808593098577 23.002188 timing
8.229031087 8.517909129 0. 2.68527654218198 0.0893805907603164 -23.098194 timing
8.401323583 8.690201625 0.293374 2.27543467308855 0.116855438411022 0.310804 timing
9.564637887 9.853515929 1.546767 1.61389875740434 0.14854138955683 0. timing
9.56484644 9.853724482 0. 2.40651085742672 0.217750840089758 -2.098422 timing
9.565679815 9.854557857 0. 2.33935295987262 0.285203322952935 -0.516428 timing
9.566345635 9.855223677 0. 2.00119211639746 0.358060424444967 -0.698118 timing
9.566806883 9.855684925 1.384921 1.38291724129956 0.40609076664008 0. timing
9.709627571 9.998505613 1.384921 2.76583448259912 0.601970026272259 0. timing
9.727607571 10.016485613 1.384921 2.17707178264362 0.694847929918072 0. timing
9.793299743 10.082177785 0. 1.90348061375167 1.90348061375167 -2.1102 timing
9.833225815 10.122103857 0. 2.96138389026323 2.82353679175804 0.005914 timing
9.850615983 10.139494025 0.789843 2.96651096286402 2.86765226460778 -0.542296 timing
9.864756884 10.153634926 0.221307 2.85735064090703 2.81281347788146 -1.340714 timing
9.879994543 10.168872585 3.939456 2.98115796807446 2.29454659351772 0.042534 timing
9.927135603 10.216013645 2.693902 3.34155771779195 2.97137503444675 -4.21375 timing
9.942020829 10.230898871 6.089402 3.03984189259844 1.98128110187478 2.031001 timing
9.982763445 10.271641487 21.39042 3.47253719879173 0.844956034334178 -3.66996 timing
9.989732657 10.278610699 11.974755 1.73626859939587 0.811416567715843 -6.174131 timing
10.001277258 10.2901553 12.10418 3.47253719879173 1.60833980733299 -7.733843 timing
10.005972709 10.294850751 0. 5.987209939704 5.987209939704 -11.291686 timing
10.038906869 10.327784911 1.924471 2.993604969852 2.80779347774116 1.530324 timing
10.065253653 10.354131695 5.928992 2.90912732483601 2.06721332666216 2.562915 timing
10.075881906 10.364759948 10.271993 3.56128893706154 1.87280430726702 2.167408 timing
10.083962121 10.372840163 2.600848 2.97460240745989 2.66218744097151 -9.750521 timing
10.09195601 10.380834052 5.852411 3.11795693131684 2.22739888235802 3.996684 timing
10.142465774 10.431343816 18.605484 1.55897846565842 0.048367278440314 16.462284 timing
10.142857667 10.431735709 14.35062 2.52891762665156 0.0724514478013851 -1.491211 timing
10.142961036 10.431839078 7.930203 5.05783525330311 0.1451782016348 -9.227731 timing
10.144845139 10.433723181 1.459937 2.7545569389986 0.225233002881619 -6.834267 timing
10.159913426 10.448791468 0.038747 2.15195446430729 0.286809567759916 -0.659834 timing
10.293812706 10.582690748 0. 2.01565379571329 0.36038436188784 0.601781 timing
10.400976314 10.689854356 0.567586 1.72925907623537 0.438181763914812 1.013936 timing
10.50421533 10.793093372 13.078272 2.53403602927814 0.281457554331753 15.732366 timing
10.57251253 10.861390572 0. 1.26701801463907 0.38155732959427 -12.19524 timing
10.681994666 10.970872708 3.080734 2.53403602927814 0.55723387796959 0.913659 timing
10.822003738 11.11088178 15.765361 3.56845869330465 0.24166685940228 7.541121 timing
10.823006204 11.111884246 7.267874 1.78422934665233 0.318702879281325 -2.152448 timing
10.888097652 11.176975694 0.233441 2.57404725962709 0.527617851130743 -7.886652 timing
10.966771324 11.255649366 0. 2.03077383402948 0.593181869691585 1.994657 timing
11.026115616 11.314993658 0. 3.06980115898859 0.790230086023375 1.865298 timing
11.075087768 11.36396581 0. 2.62667633180097 0.907858863853198 0.439935 timing
11.118394276 11.407272318 1.52055 2.58047445197993 1.02833623682664 0.700804 timing
11.150849866 11.439727908 0.686968 2.68196398860951 1.39051120382506 -1.399981 timing
11.182735812 11.471613854 1.493306 2.92164849879445 1.57296980424091 0.278294 timing
11.213121796 11.501999838 8.323921 3.30446931289769 1.66050430115613 -0.944762 timing
11.246386664 11.535264706 12.943031 1.82832166677231 0.746066801757701 3.02753 timing
connected timeout
connected timeout
connected timeout
connected timeout
connected timeout
connected timeout
connected timeout
11.330151728 11.61902977 12.349056 3.38788117023338 1.54272163817754 -9.325396 timing
11.362576726 11.651454768 0. 1.74259090423706 1.74259090423706 -10.91224 timing
11.38367748 11.672555522 0. 3.10377215160139 3.10377215160139 -0.410859 timing
11.40637137 11.695249412 0.891012 2.70535848889612 2.70535848889612 1.395001 timing
11.429552698 11.71843074 10.872988 1.90126996571355 0.29453846161037 6.928753 timing
11.509962818 11.79884086 13.690996 2.72554083287364 0.218204033770057 3.707517 timing
11.510399062 11.799277104 33.387948 2.48146662189607 0.0460172600676238 8.419264 timing
11.533027576 11.821905618 40.55462 2.03993041775432 0.0281903305404351 9.67271 timing
11.539728869 11.828606911 23.770932 4.05061288264991 0.0470816330227631 -10.82431 timing
11.842379621 12.131257663 0. 3.34884675418486 0.0671563263522015 -21.824082 timing
12.044152565 12.333030607 1.248648 3.3031575456354 0.0888729426759973 0. timing
12.405249141 12.694127183 0. 1.73462814967774 0.11392083703335 -2.547455 timing
12.607089621 12.895967663 0. 1.01979468540324 0.140218250254248 -2.547455 timing
12.735580693 13.024458735 0. 2.03958937080647 0.19794812463966 -2.547455 timing
13.868088725 14.156966767 0. 3.21399311082617 3.21399311082617 10.02196 timing
13.868343445 14.157221487 0. 2.73710753688555 2.73710753688555 0.084261 timing
13.868420063 14.157298105 0. 2.26975239763724 2.26975239763724 -0.09455 timing
13.868518194 14.157396236 1.77595 2.69685174162896 1.69936329885581 0. timing
13.919077474 14.207955516 0.481778 3.33762283598937 3.01330182216112 -2.423036 timing
13.951706628 14.24058467 0.481778 3.05120603089942 3.0144339206242 -2.423036 timing
13.977363004 14.266241046 0. 1.93240315987546 1.93240315987546 19.599744 timing
13.987837531 14.276715573 10.383474 1.94354191058806 0.0975613567088057 12.67496 timing
14.005874171 14.294752213 19.032716 1.53491107652315 0.0356734762130375 10.143304 timing
14.039389361 14.328267403 28.920444 1.81054078634315 0.0242912920652115 7.558399 timing
14.048009049 14.336887091 27.0265 2.05328502733003 0.0313773729061655 0.610771 timing
14.048295757 14.337173799 18.457984 4.10657031198304 0.0521498893750101 -6.091462 timing
14.058800038 14.34767808 23.024328 2.05328515599152 0.0520104898656748 8.586783 timing
14.188399742 14.477277784 0. 4.10657031198304 0.0827057977087263 -43.817252 timing
14.393854846 14.682732888 4.235811 6.60232648996121 0.11027924233422 0. timing
14.66658291 14.955460952 4.235811 3.30116324498061 0.142273579032209 0. timing
14.940466942 15.229344984 0. 2.15098626475012 0.183046825129683 0. timing
15.155090846 15.443968888 0. 2.07845402803224 0.235596083399173 0.726993 timing
15.332523486 15.621401528 1.486726 2.91871822237519 0.314371980185048 0.247395 timing
15.44402103 15.732899072 0. 2.30358247567628 0.388658017760609 0.886269 timing
15.545325518 15.83420356 2.28091 3.07830215027409 0.509135919526693 0.359934 timing
15.617504494 15.906382536 0. 1.64992621957735 0.566305160918943 -2.423679 timing
15.708424694 15.997302736 18.780618 2.52373685884256 0.150582688093622 17.81523 timing
15.750602386 16.039480428 10.376804 1.39372549613404 0.185106049135533 0.898327 timing
15.926207698 16.21508574 3.786708 2.78745099226807 0.288251364197435 -8.852653 timing
16.064546866 16.353424908 0.666488 1.39372549613404 0.335810922709378 -3.37967 timing
16.194546074 16.483424116 9.138456 2.78745099226807 0.41801983920524 7.416646 timing
16.294824138 16.58370218 23.360508 3.60480241352787 0.174919558782495 14.32306 timing
16.355418142 16.644296184 0. 1.913781704602 0.270270787442781 -25.569894 timing
16.50844355 16.797321592 0. 3.09685360505401 0.370388958140893 -1.20801 timing
16.628305646 16.917183688 3.135093 2.85034356695515 0.461179879631601 -3.588052 timing
16.697611742 16.986489784 0. 1.93955970195369 0.552225410431155 -5.090865 timing
16.76502319 17.053901232 0. 2.04216922395887 0.692801252048825 -3.482974 timing
16.819352982 17.108231024 0. 2.68746565624257 0.979878871565176 -2.629374 timing
16.861548414 17.150426456 0. 3.51935651453104 1.56215734845148 -2.8471 timing
16.894846738 17.18372478 0.889391 3.09504181253386 1.93162195055383 -0.837271 timing
16.915288938 17.20416698 0.965589 3.12457746020903 2.21233232137314 -0.130915 timing
16.939604038 17.22848208 2.742187 2.1672053705529 1.21886370122127 1.060303 timing
16.953062496 17.241940538 2.391068 3.00472101016872 2.49677388286741 -1.362739 timing
16.984969116 17.273847158 7.605463 3.18454655246693 0.480766465693921 3.955184 timing
17.012269196 17.301147238 19.70056 3.03379513346597 0.103000637919966 8.744215 timing
17.071995044 17.360873086 25.300996 2.44291891235835 0.0813951575127452 4.092331 timing
17.075306821 17.364184863 21.784304 3.15711411944332 0.140194052390545 -4.831833 timing
17.075716944 17.364594986 17.94901 3.64917007217267 0.193655109705431 -4.237905 timing
17.3031564 17.592034442 0.156516 4.99609299063461 0.30184089786466 -18.602388 timing
17.440669328 17.72954737 0. 2.6063421894722 0.370184327574087 -3.334071 timing
17.544554752 17.833432794 0. 1.99176573119891 0.449042058226372 -2.627077 timing
17.641712968 17.93059101 10.583807 2.99565397965884 0.405201817907882 10.635872 timing
17.70304892 17.991926962 0. 5.11317790217084 0.670334193344609 -13.413142 timing
17.771877496 18.060755538 2.492852 2.76622674195337 0.710010471614402 1.253398 timing
17.828339616 18.117217658 9.979315 1.85993014136899 0.485585197143915 3.538981 timing
17.869977556 18.158855598 1.592829 2.55717152855459 0.869801022398438 -9.605371 timing
17.919041972 18.207920014 1.315431 2.30537331808988 1.14542828419261 -2.714186 timing
17.95540874 18.244286782 0.613811 1.96541851874333 1.25829016920869 -0.549397 timing
17.99226462 18.281142662 4.956651 3.82321860916189 1.05004882368127 2.802484 timing
18.041892048 18.33077009 6.479399 4.06513192883985 1.5323768386254 -1.330476 timing
18.106979376 18.395857418 0. 2.03256596441992 2.03256596441992 -9.233623 timing
18.134566024 18.423444066 2.665331 2.42279019840587 2.15866063434504 1.021378 timing
18.14580066 18.434678702 0. 3.38501136635744 3.38501136635744 -5.209081 timing
18.169323034 18.458201076 4.148481 2.60530441186771 2.09449704905257 1.566401 timing
18.206141898 18.49501994 13.594953 2.54785984593721 0.215284981391725 4.321914 timing
18.21752551 18.506403552 23.225574 1.83075934945468 0.0608608722836972 7.730604 timing
18.222391798 18.51126984 25.2097 3.19249172088729 0.102508484729389 -1.925046 timing
18.25502947 18.543907512 30.381436 2.85669525308927 0.0736138384814615 3.82274 timing
18.273723202 18.562601244 39.435736 2.82144768646112 0.0606275974692241 2.680848 timing
18.299713854 18.588591896 27.788616 1.89264200764219 0.0852261472488101 -12.550176 timing
18.624099774 18.912977816 0. 2.70117479011242 0.152485581996814 -29.41346 timing
18.909194014 19.198072056 0. 2.69650819962982 0.199793377747037 -2.563679 timing
19.105669246 19.394547288 1.24509 2.74176097396775 0.26030629585984 -1.968049 timing
19.256339326 19.545217368 1.74513 2.36252843029856 0.329100793947631 -3.777521 timing
19.371329054 19.660207096 0. 1.5308808778645 0.386808946127883 -4.961089 timing
19.46680963 19.755687672 0. 2.76581767396996 0.554649871175255 -3.006192 timing
19.538412182 19.827290224 0.152738 3.07025935483702 0.712790313917483 -1.496225 timing
19.594051126 19.882929168 0. 1.85315950461916 0.769197761101185 -2.074734 timing
19.657575142 19.946453184 12.512419 3.01743932224011 0.300467477806596 10.846411 timing
19.691662494 19.980540536 9.891431 3.41694889238008 0.553549157591026 -8.48693 timing
19.744769462 20.033647504 0. 1.99180011488349 0.705181465434573 -12.723426 timing
19.815323942 20.104201984 14.735994 2.35841927178623 0.255357695596295 12.931625 timing
19.846177666 20.135055708 0. 3.11692808321954 0.418290785828071 -16.982706 timing
19.946750618 20.23562866 0.659784 2.86249405976575 0.526131902912222 -0.421248 timing
20.090104218 20.37898226 21.656564 5.39086307276892 0.0964402164367092 19.310936 timing
20.11515093 20.404028972 28.263312 3.04712564678655 0.0944459247736365 4.270645 timing
20.221461954 20.510339996 0. 2.39482289105142 0.150369458788159 -31.257946 timing
20.499212898 20.78809094 0. 1.92330492905583 0.192705259094009 -2.046954 timing
20.704742386 20.993620428 3.827584 2.41140400995999 0.24999121124648 -2.050925 timing
20.853931778 21.14280982 0. 1.46836745393651 0.3044303610718 -7.05672 timing
20.97882569 21.267703732 0.010756 2.93673517106922 0.436810172387518 -1.587205 timing
21.07848229 21.367360332 0. 2.53034729495388 0.540402651429669 -2.492194 timing
connected timeout
connected timeout
connected timeout
connected timeout
connected timeout
connected timeout
connected timeout
connected timeout
connected timeout
connected timeout
connected timeout
connected timeout
connected timeout
connected timeout
connected timeout
connected timeout
connected timeout
connected timeout
connected timeout
connected timeout
28.450759241 s
IP packets send/received: 365 10263 
