Connected
connected timeout
connected timeout
connected timeout
connected timeout
connected timeout
0.080834664 0.874536248 0.03011 2.35158879002332 2.35158879002332 -9.656172 timing
0.104623424 0.898325008 0. 2.84597489709093 2.84597489709093 -1.579679 timing
0.106089582 0.899791166 0. 2.23889443655094 2.23889443655094 1.960626 timing
0.134040398 0.927741982 11.597286 2.66565446421468 0.945567755031466 2.120011 timing
0.136087796 0.92978938 0. 5.33130892842936 5.33130892842936 -9.331522 timing
0.145854177 0.939555761 0. 4.3024277966667 4.3024277966667 -2.08648 timing
0.164093993 0.957795577 4.433393 2.15121389833335 0.535366121284215 6.862668 timing
0.178107987 0.971809571 8.926529 3.02482092281039 0.33283895047818 4.176592 timing
0.222198627 1.015900211 24.160492 1.83986007900034 0.0366349981435644 16.601333 timing
0.222268052 1.015969636 19.89235 3.67972015800068 0.0596206265009959 -3.94564 timing
0.231914721 1.025616305 28.910036 1.92670886046178 0.046597940771469 8.583847 timing
0.249645379 1.043346963 20.578984 2.59086509735155 0.0674281393165447 -0.88394 timing
0.481012771 1.274714355 0. 3.13145657454889 0.100708608982992 -19.07311 timing
0.687457843 1.481159427 1.15342 3.69025548667609 0.133661177399644 0. timing
0.923604915 1.717306499 1.15342 2.47934684706498 0.172015295250648 0. timing
1.090020195 1.883721779 0. 1.45857479330996 0.210972919956895 0. timing
1.269730019 2.063431603 0. 2.42752790568082 0.285574844872063 2.4089 timing
1.406477523 2.200179107 0. 1.86788243194097 0.354289156347217 -1.481329 timing
1.513258667 2.306960251 0. 2.80519629054567 0.486522345165986 -0.809434 timing
1.593737171 2.387438755 0. 2.64699386703283 0.591235923413874 1.93625 timing
1.663484819 2.457186403 1.808916 2.3634163801171 0.698719872183392 -0.035275 timing
1.711950747 2.505652331 0.68832 2.07712360977308 0.844902439140106 -0.875381 timing
1.763947623 2.557649207 1.672289 1.03856180488654 0.463425688853549 7.300324 timing
1.796724705 2.590426289 1.030718 2.07712360977308 0.766979437985331 -1.982831 timing
1.848532165 2.642233749 0. 1.92319566003854 0.928020311319548 -1.435762 timing
2.880973765 3.674675349 0. 1.68280242478025 0.701897367730646 1.558749 timing
2.896470821 3.690172405 0.085085 2.36184490301934 0.998711927384182 -0.200876 timing
2.896974533 3.690676117 2.460995 2.45007966422663 1.17128666240207 -0.198644 timing
2.897285407 3.690986991 1.833091 2.57979305915369 1.2568388171723 1.289616 timing
2.897944871 3.691646455 3.623699 5.15958611830738 1.91864226081262 0. timing
2.929387867 3.723089451 0. 2.91238906560021 2.5005147086093 -1.928141 timing
2.958338563 3.752040147 0. 1.9813478304852 1.9813478304852 8.409188 timing
3.031047091 3.824748675 27.202112 1.77729372751128 0.0579437352749917 18.2279 timing
3.031636642 3.825338226 22.312748 3.55458784061501 0.0941958001367495 -7.220308 timing
3.053219106 3.84692069 36.163864 1.7772939203075 0.0720372702827125 13.935506 timing
connected timeout
connected timeout
connected timeout
connected timeout
connected timeout
connected timeout
connected timeout
connected timeout
connected timeout
3.505732898 4.299434482 0. 0.888646960153751 0.160558291283472 -47.1378 timing
3.862445762 4.656147346 14.981253 1.7772939203075 0.188696768715255 -1.209398 timing
3.997235618 4.790937202 0. 3.09895939727661 3.09895939727661 -20.269988 timing
4.102399114 4.896100698 3.691449 2.03476424013621 0.872453051066939 3.272906 timing
4.120032826 4.91373441 8.210271 3.80365797955046 1.01334148426695 -2.340554 timing
4.125839071 4.919540655 6.861773 2.00039118978101 1.0662891614284 -2.119042 timing
4.137485504 4.931187088 9.291575 3.68683960953794 1.2948849043007 1.716849 timing
4.150117921 4.943819505 0. 3.86241467868453 3.86241467868453 -10.079342 timing
4.190922069 4.984623653 7.788597 2.71843258734338 1.69809288953659 -1.219074 timing
4.197956864 4.991658448 2.144858 2.71035122902948 2.503582549614 -6.424731 timing
4.211089573 5.004791157 10.907107 1.71150541337755 0.461833560416534 7.867943 timing
4.230662915 5.024364499 19.923452 1.6982243687734 0.117330022426763 7.757439 timing
4.245263108 5.038964692 3.037544 3.3964487375468 0.318320832738489 -18.310764 timing
4.253642603 5.047344187 0. 3.33266750498659 0.419532945934535 -4.586183 timing
4.316988867 5.110690451 0. 2.47789026639362 0.513281149749775 -1.399307 timing
4.393482787 5.187184371 2.679442 2.48034263365942 0.640995847141896 -1.622376 timing
4.454344223 5.248045807 0.914056 1.76108757476614 0.800150028130274 -4.450578 timing
4.499383551 5.293085135 0. 2.04769834843705 1.07108559205524 -2.605307 timing
4.542267223 5.335968807 4.969136 2.27602561806862 0.675014922510067 5.011725 timing
4.569491871 5.363193455 1.377457 3.3881922410315 1.36665910655495 -4.898206 timing
4.602785937 5.396487521 0. 3.65479212421743 2.56393223075171 -2.400954 timing
4.625680137 5.419381721 0. 2.5335395545461 2.5335395545461 -1.069284 timing
4.646110881 5.439812465 0. 2.99713603748762 2.99713603748762 -1.062271 timing
4.662774817 5.456476401 1.761391 2.92107030554816 2.77090646304969 0.581546 timing
4.684359587 5.478061171 3.801404 3.72316419872207 3.06606620375005 -0.114815 timing
4.695647444 5.489349028 10.732104 2.0397201385451 0.258067296465959 5.925699 timing
4.722747352 5.516448936 25.482462 2.9419377590906 0.0447849069265544 14.180462 timing
4.788101624 5.581803208 40.618796 1.90723730436965 0.0160442128367616 15.143697 timing
4.788513282 5.582214866 42.986136 3.8144746087393 0.0207936733949091 2.39551 timing
4.788636626 5.58233821 21.469886 1.90723730436965 0.0293224296656854 -25.981774 timing
5.643645714 6.437347298 0. 2.04990666944091 0.0406886716618899 -6.787358 timing
6.640255058 7.433956642 0. 1.05067075169644 0.0828418173520762 5.560408 timing
7.28272885 8.076430434 0. 2.10134150339288 2.10134150339288 -0.635247 timing
7.558951826 8.35265341 0. 2.04089958279523 2.04089958279523 -2.740368 timing
7.560883912 8.354585496 0. 3.82545207473687 3.82545207473687 0.816184 timing
connected timeout
connected timeout
connected timeout
connected timeout
7.61424714 8.407948724 0. 1.91272603736844 1.91272603736844 0.581517 timing
7.677328 8.471029584 31.4945 1.65308568258697 0.0323052421375697 6.669886 timing
7.677376122 8.471077706 24.346512 1.09466668688878 0.0781510260947345 -7.202464 timing
7.707159774 8.500861358 21.094962 2.18933337377756 0.543742497571511 -15.244013 timing
7.707181146 8.50088273 10.329827 1.59007646322895 0.832841273791689 -10.952694 timing
7.716042004 8.509743588 4.388893 3.1801529264579 2.51438724740357 -10.641355 timing
7.717058649 8.510760233 0. 4.63283365330632 4.63283365330632 -7.381166 timing
7.952775209 8.746476793 0. 2.31641682665316 2.31641682665316 -1.066378 timing
7.95336895 8.747070534 6.3157 2.92710753663195 2.0249773991437 2.555528 timing
7.953559693 8.747261277 5.018644 3.79032410116584 2.86881894625184 -2.873536 timing
7.953709438 8.747411022 7.084954 3.34006041016244 2.190680089574 0.644755 timing
7.99224513 8.785946714 0. 2.15865309743794 2.15865309743794 -16.641775 timing
9.010920778 9.804622362 0. 2.75953787172663 2.75953787172663 -3.459495 timing
9.040915286 9.83461687 0.861164 2.78856470613865 2.78856470613865 -1.13597 timing
9.041078441 9.834780025 0.162141 2.59696660225501 2.59696660225501 -1.821454 timing
9.059563061 9.853264645 2.681318 2.20678597462519 1.97598390798457 1.066678 timing
9.06202519 9.855726774 0. 2.95940847233633 2.95940847233633 -4.149602 timing
9.06279864 9.856500224 1.344162 4.82389074287888 4.71017638437615 -0.218414 timing
9.074501367 9.868202951 0.869348 4.14696883888543 4.14696883888543 -1.691288 timing
9.111529975 9.905231559 0.855295 2.6586142330302 2.6586142330302 -0.600809 timing
9.111964892 9.905666476 0.855295 4.13324414634722 4.13324414634722 -0.972083 timing
9.16206034 9.955761924 16.560965 2.06662207317361 0.0331606088754111 15.617715 timing
9.171241504 9.964943088 15.821104 4.13324414634722 0.077387161545473 -5.596535 timing
9.17148456 9.965186144 24.406276 3.18895450796012 0.310989185533293 -2.904394 timing
9.202991324 9.996692908 18.507658 2.10372234562987 0.625108499285574 -5.694953 timing
9.203181997 9.996883581 20.551532 4.20744469125974 1.08507227578744 1.781439 timing
9.204913562 9.998615146 26.187464 2.10372234562987 0.109357510741118 5.55149 timing
9.205352809 9.999054393 30.737498 4.20744469125974 0.267497161761072 -1.991279 timing
9.205396461 9.999098045 34.179492 2.10372234562987 0.103882222718413 3.269386 timing
9.205603478 9.999305062 28.278804 4.20744469125974 0.233996678115518 -5.730166 timing
9.37174015 10.165441734 2.958337 3.57472626638343 0.458121683203487 -27.781932 timing
9.488312886 10.28201447 14.504602 1.91255210373727 0.356237726062234 11.880253 timing
connected timeout
9.63792071 10.431622294 15.45273 0.956276051868637 0.243986472093809 1.050821 timing
9.705661046 10.49936263 0. 1.91255210373727 0.792020700822302 -19.510256 timing
9.78094087 10.574642454 4.930685 2.26896625695143 0.784173179745664 2.121084 timing
9.820278786 10.61398037 2.359457 2.56757313720485 1.50954438552496 -5.150589 timing
9.860101282 10.653802866 3.591527 2.48749685153406 1.29088233982509 1.07401 timing
9.887519886 10.68122147 0.466621 2.77723911513473 2.77723911513473 -4.369233 timing
9.90263371 10.696335294 0.18925 3.70998194372802 3.70998194372802 -1.465822 timing
9.924663664 10.718365248 0. 3.18267091631454 3.18267091631454 -1.329667 timing
9.94153622 10.735237804 5.752286 2.09672903104603 0.483951101561794 4.492336 timing
9.952470667 10.746172251 5.950253 3.46901279547826 0.774612088789911 -0.50885 timing
9.963804902 10.757506486 9.616444 2.71030998012428 0.483854258277765 2.331892 timing
9.998164082 10.791865666 10.495885 3.54793995787254 0.666808515418238 -0.359785 timing
9.99883535 10.792536934 11.864004 2.79535776791774 0.671571301410415 0.085433 timing
10.04241627 10.836117854 5.034332 1.71451898502234 1.29627401131217 -11.176184 timing
10.078836118 10.872537702 0. 1.88850337836241 1.88850337836241 -7.149945 timing
10.10464273 10.898344314 1.419463 2.03757360849697 1.97918425814052 0.730438 timing
10.126526642 10.920228226 1.345479 2.56585757219665 2.50514342611237 -0.793116 timing
10.141805156 10.93550674 1.399795 2.81021447095792 2.73340804715396 -0.48564 timing
10.156893628 10.950595212 0.328614 2.7370499232627 2.7370499232627 -2.23718 timing
10.175205872 10.968907456 3.454724 3.16486413578627 2.66968809833851 0.881107 timing
10.190719271 10.984420855 7.919562 2.59414523397459 1.08778795358497 1.434142 timing
10.236198755 11.029900339 6.866046 2.62717670304878 1.7494587932194 -1.785777 timing
10.245189173 11.038890757 8.263698 3.34584758749359 2.02230696913964 0.303515 timing
10.250406565 11.044108149 27.78092 1.67292379374679 0.0397816917506291 19.436984 timing
10.317349361 11.111050945 12.52118 1.93278385521486 0.074857067958302 -15.17876 timing
10.317627409 11.111328993 14.119127 1.192299653779 0.0888045399933501 0.286298 timing
10.508383009 11.302084593 0. 2.33888726267892 0.139482922910962 -13.961082 timing
10.818106977 11.611808561 7.525555 1.99443229100793 0.171100863624926 -0.255473 timing
11.048609841 11.842311425 0. 3.98886458201585 3.98886458201585 -0.888992 timing
11.149430521 11.943132105 0. 1.99443229100793 1.99443229100793 -14.881943 timing
11.158415631 11.952117215 0.929972 3.56200744251714 3.56200744251714 0.190208 timing
11.171899513 11.965601097 6.581876 2.94488443161969 1.58595899699709 5.010662 timing
11.183335368 11.977036952 10.76845 4.30141628541829 1.7531214635825 4.372721 timing
connected timeout
connected timeout
connected timeout
connected timeout
connected timeout
connected timeout
connected timeout
11.228212796 12.02191438 0. 3.62845096215185 3.62845096215185 -14.691442 timing
11.25135173 12.045053314 2.385757 2.62765640441531 2.3870039407273 0.702888 timing
11.29013865 12.083840234 1.573312 3.20531757176848 3.08043953796039 -0.966229 timing
11.294910232 12.088611816 20.323336 1.60265878588424 0.036486641435299 20.765596 timing
11.302006628 12.095708212 11.469056 3.20531757176848 0.0612211015027329 -5.635797 timing
11.306198437 12.099900021 4.760161 2.55110004900871 0.0877748568065501 -3.716601 timing
11.315805086 12.10950667 5.807207 1.92555107793369 0.105215525372765 4.343339 timing
11.329635252 12.123336836 8.373753 3.85110215586739 0.139532424664754 5.126861 timing
11.529209236 12.32291082 8.459969 7.70220521694654 0.190759313348439 0. timing
11.91971042 12.713412004 8.408757 3.85110260847327 0.239105660768143 -0.137428 timing
12.083837972 12.877539556 8.408757 1.92555130423664 0.272101757554145 -0.137428 timing
12.217098388 13.010799972 0. 2.17233811679075 2.17233811679075 -7.041909 timing
12.2924461 13.086147684 0.019508 2.44745036216186 2.43736819872703 1.677626 timing
12.307466544 13.101168128 0. 3.04151508440371 2.91821915248746 -0.477683 timing
13.32090136 14.114602944 3.289597 2.68879076706274 1.6474936708148 0.287668 timing
13.360897416 14.154599 2.766764 2.3207531909294 2.05326058193972 -2.640659 timing
13.360944421 14.154646005 6.141483 1.95140729052624 0.78224793726509 4.199811 timing
13.361112116 14.1548137 8.9242 3.1552615343788 0.780179627978506 0.623455 timing
13.361434305 14.155135889 14.859865 2.88852529623736 0.269586254207596 4.782521 timing
13.363486871 14.157188455 18.617344 1.88069048338934 0.225305405437517 0. timing
13.364430249 14.158131833 0. 2.39485142025477 2.39485142025477 -18.708432 timing
13.380080262 14.173781846 0. 2.17493101291133 2.17493101291133 -0.62322 timing
13.407245544 14.200947128 8.959045 2.90899587087354 0.406594332714276 7.859223 timing
13.427371838 14.221073422 16.154622 2.57076770068255 0.197432452650916 6.276457 timing
13.464962966 14.25866455 19.051744 3.13418157478468 0.187751592175672 2.110663 timing
13.513190586 14.30689217 42.051568 1.93903587879132 0.0652919522631664 14.02863 timing
13.83362857 14.627330154 0. 3.87807175758264 0.196880482587902 -42.847536 timing
14.03496793 14.828669514 0.437758 2.62119570456034 0.250154606051079 0. timing
14.110037946 14.90373953 0.437758 2.55771224628846 0.322269684965647 0. timing
14.22984857 15.023550154 0. 1.44531540144817 1.44531540144817 -1.570065 timing
14.307388186 15.10108977 0.161553 2.89063105789351 2.78680949859116 0.923921 timing
14.328352046 15.12205363 0.815201 2.40127761335517 2.15405021984552 -0.131152 timing
14.345705758 15.139407342 1.357939 2.7333533252059 2.25911048627684 0.619618 timing
14.358341668 15.152043252 3.260203 1.94670792014505 1.13251300793215 4.595725 timing
14.369150464 15.162852048 2.024006 3.89341584029011 1.88979640281223 2.028868 timing
14.388840518 15.182542102 6.923561 7.78683168058021 1.239826145863 3.065685 timing
14.401758176 15.19545976 0.474848 3.89341584029011 1.61130002821545 -6.218705 timing
14.416004192 15.209705776 2.086557 2.53967584720836 1.44779413752949 0.483967 timing
14.467323304 15.261024888 0. 2.97798537399127 1.99670368400604 -1.287079 timing
14.492687876 15.28638946 3.094899 2.46919013155852 1.56139288367366 0.9244 timing
14.506713535 15.300415119 0. 2.35865320096045 2.21523231816274 -2.968375 timing
14.523837599 15.317539183 0. 2.7728329055926 2.48033681351051 0.48122 timing
14.547914183 15.341615767 2.221615 2.53837227497587 1.46289267025056 3.17923 timing
14.556608884 15.350310468 0.511114 2.53423063617866 1.88652088656349 -1.065031 timing
14.569992467 15.363694051 0.478472 2.97544324052356 2.20044149849475 0.437318 timing
14.587403171 15.381104755 0.434022 3.1523184134049 2.44587161756624 0.094974 timing
14.605098835 15.398800419 1.685085 2.68330059730625 1.7822624420607 1.829911 timing
14.619633584 15.413335168 1.071015 2.33513872831999 1.78665794856685 0.08311 timing
14.631468318 15.425169902 0.918875 3.49721177192561 2.47803024425023 0.570287 timing
14.653044426 15.44674601 2.269049 2.52178161161916 1.89447505673365 0.156428 timing
14.666995143 15.460696727 0.559592 3.24834868834341 3.24834868834341 -1.797315 timing
14.678857395 15.472558979 0.29389 3.31683687454526 3.30931802073535 0.140075 timing
14.740180079 15.533881663 2.623368 2.8251502865629 2.52448814361909 -0.78606 timing
14.741224731 15.534926315 5.730666 1.99671305250616 1.1561977747427 2.056084 timing
14.741307146 15.53500873 6.39667 2.18132184589036 0.922363186359473 2.930636 timing
14.741477774 15.535179358 3.945156 4.36264369178071 1.98484195677747 -1.835609 timing
14.741693451 15.535395035 7.003383 4.31736194007236 1.70754391735421 2.285489 timing
14.781994235 15.575695819 2.091612 3.39531658104635 3.14788951722434 -7.498017 timing
14.800754109 15.594455693 4.235222 2.55300158440674 2.04014582111604 -2.881951 timing
14.813082078 15.606783662 0.136469 3.11574259181519 3.11574259181519 -4.290166 timing
14.848092342 15.641793926 3.032344 3.0671007857293 2.4403187606803 3.12011 timing
14.853318745 15.647020329 2.788027 3.58233796310721 3.16476601708865 -2.025714 timing
14.927209801 15.720911385 2.72044 3.0392740468368 2.69761192850275 -1.780613 timing
14.92838066 15.722082244 6.186602 2.40895919920927 1.28813355705848 2.692135 timing
14.928455114 15.722156698 5.432471 3.43679735124954 1.99135721313058 -0.182875 timing
14.928545561 15.722247145 3.96562 3.32671503032957 2.70857933079872 -0.848798 timing
14.9286981 15.722399684 1.987157 4.32170253555797 4.03588250320291 -1.309578 timing
14.928995145 15.722696729 7.284982 2.30736709754231 0.944233731044151 6.897947 timing
14.929078399 15.722779983 9.551175 3.37816801189947 0.989398269036134 2.636898 timing
14.969848391 15.763549975 1.477343 3.20882960858213 1.53678169361334 -10.326722 timing
15.025082031 15.818783615 3.127779 1.60441480429107 0.768642248638878 5.565027 timing
15.054529455 15.848231039 8.67769 3.20882960858213 0.816796005995155 3.485885 timing
15.071464523 15.865166107 0. 6.25078091840774 2.17251368412455 -10.210782 timing
15.108738279 15.902439863 4.690768 3.12539045920387 0.839422700153949 5.232071 timing
15.124212776 15.91791436 5.507757 3.6152806509447 1.13256694736363 -1.0296 timing
15.167344952 15.961046536 16.873826 2.02455364424599 0.216116303495249 6.941886 timing
15.200319412 15.994020996 20.158556 1.74385881555543 0.184598633176917 1.197139 timing
15.243288156 16.03698974 25.425356 2.6233512688004 0.199766503390715 4.463918 timing
15.381424428 16.175126012 0. 1.52652438609663 0.426240426240426 -25.031324 timing
15.496744244 16.290445828 1.282576 1.53516995279615 0.512320616645905 0.93344 timing
15.567790284 16.361491868 0.368191 3.00404034625672 0.782424334924989 -1.008826 timing
15.623560884 16.417262468 1.425484 2.57885891316931 0.939990143413901 -0.706776 timing
15.682421364 16.476122948 8.597776 2.14811251525961 0.501213540034156 4.113737 timing
15.723621104 16.517322688 14.759448 2.66110537223641 0.381366805222491 2.80915 timing
15.789797224 16.583498808 31.672764 3.65777521136188 0.0993640506686793 9.58385 timing
15.825410028 16.619111612 1.067078 2.47604748226065 0.175360632394281 -26.055576 timing
16.07411702 16.867818604 0. 4.04156267672124 0.239697653245276 -2.363913 timing
16.2486707 17.042372284 5.779329 2.1987389459151 0.279873794410833 -0.13271 timing
16.384466796 17.17816838 0.486046 3.74330017467896 0.417355678844398 -3.726372 timing
16.498333788 17.292035372 13.551293 2.45005914670679 0.310810310403586 6.656646 timing
16.571067116 17.3647687 1.058359 1.50636527592669 0.431793221647599 -1.615613 timing
16.655189916 17.4488915 0. 3.01273055185339 0.6464494953046 -1.083836 timing
16.717051372 17.510752956 0. 2.7641618586829 0.780773751362446 0.3818 timing
16.765276688 17.558978272 0. 1.694538536634 0.77116062592412 0.426638 timing
16.81379898 17.607500564 0.441819 2.82862355024195 1.15260783854936 -0.260386 timing
16.856097572 17.649799156 2.594413 2.44600982703557 0.881164358880861 2.576374 timing
16.885966432 17.679668016 7.729439 2.37026475093413 0.486991871658619 5.377218 timing
16.910248706 17.70395029 0. 2.87165738659547 0.954486646508107 -8.260922 timing
16.955358298 17.749059882 5.350723 1.91712506128505 0.751516334655214 0.916544 timing
16.988215908 17.781917492 3.232 3.1312339439214 1.91621517561953 -4.491526 timing
17.024847316 17.8185489 0.203291 2.49653039568422 2.49653039568422 -2.592683 timing
17.047296052 17.840997636 5.366399 2.47176997754452 1.8262757428915 2.108541 timing
connected timeout
17.133892652 17.927594236 4.447321 2.87999159064955 2.26786152036694 -0.212775 timing
17.13690969 17.930611274 24.16442 1.43999579532478 0.0556706238839372 23.9766 timing
17.136935323 17.930636907 7.831685 2.87999159064955 0.0939365256952174 -12.089191 timing
17.259258427 18.052960011 3.78871 3.96588045378154 0.130125965492729 -7.577176 timing
17.461372427 18.255074011 4.974861 1.98294022689077 0.161329951181147 0. timing
17.565838603 18.359540187 4.974861 1.97175886270046 0.20752517914753 0. timing
17.794824747 18.588526331 31.251356 1.89254231594783 0.134872646437745 0. timing
17.975147307 18.768848891 0. 2.68270306567268 0.486523558739286 -32.052128 timing
18.104417835 18.898119419 0. 2.39001834744615 0.595053213389046 0.006618 timing
18.167669531 18.961371115 0. 2.63934808231241 0.757354996841889 -0.249837 timing
18.217126403 19.010827987 0. 2.08662751820275 0.81214344800894 1.129019 timing
18.260801267 19.054502851 0. 2.94853064769414 1.10911410999753 -0.038879 timing
18.300994419 19.094696003 2.349381 2.71249543371492 1.15134493869917 0.46876 timing
18.326629847 19.120331431 0. 2.59747754237785 1.92103045274129 -2.607997 timing
18.354951809 19.148653393 0.103669 2.44489564985704 2.03937560801468 -0.16665 timing
18.375839609 19.169541193 2.60455 2.63491453132688 1.99459654737821 0.101723 timing
18.388877888 19.182579472 0.178025 2.30301873409594 2.30301873409594 -1.323582 timing
18.407557444 19.201259028 0.865443 3.13660744814087 1.98964713151514 1.60693 timing
18.423589641 19.217291225 1.312732 3.16314747846911 1.97959784223352 0.304015 timing
18.438768628 19.232470212 2.23706 2.80919827257625 1.66741332534364 0.485444 timing
18.451785535 19.245487119 0. 3.08751321012427 3.08751321012427 -1.924098 timing
18.469356043 19.263057627 0. 3.12977416398553 3.12977416398553 -0.228853 timing
18.488305751 19.282007335 3.793604 2.39008494035692 0.584331471157193 4.610319 timing
18.498668108 19.292369692 2.494727 3.57823166691346 0.965737081851876 -0.872374 timing
18.52116308 19.314864664 3.671353 3.48445616516288 1.25760770530346 -0.770588 timing
18.525628466 19.31933005 1.443206 3.28771389504599 1.47299940132428 1.329374 timing
18.564843946 19.35854553 0.834409 2.31934429260318 1.3406449104262 0.401346 timing
18.587139098 19.380840682 0. 2.72096981050448 2.04808845182001 -1.13365 timing
18.6136373 19.407338884 2.986062 2.39009940998797 1.62147247594017 0.328529 timing
18.651427276 19.44512886 9.217246 2.3997541658086 0.493645489383639 3.300225 timing
18.664767209 19.458468793 9.539078 2.36711353447441 0.408684587392699 2.783333 timing
18.723175525 19.516877109 21.122376 1.26401748639816 0.110287936599946 9.368041 timing
18.723206116 19.5169077 0. 2.52803497279631 0.246571164886821 -18.351352 timing
18.781102756 19.57480434 0. 1.50201328819715 0.293381580851122 -0.899546 timing
connected timeout
connected timeout
connected timeout
connected timeout
connected timeout
connected timeout
connected timeout
connected timeout
connected timeout
connected timeout
18.922149636 19.71585122 0.800744 0.751006644098575 0.294105461651872 0.755416 timing
19.037291972 19.830993556 0. 1.50201328819715 0.45610318621927 -1.620886 timing
19.152728212 19.946429796 14.203572 2.41092107220653 0.244491918216976 13.664902 timing
19.206860768 20.000562352 0. 2.5653047696835 0.409093256183565 -15.473583 timing
19.318506664 20.112208248 0.025309 3.29401485101288 0.54710181296264 -1.09625 timing
19.385779328 20.179480912 0.027905 2.38649752792708 0.640563395523969 -0.070298 timing
19.44475792 20.238459504 0. 3.24260863748292 0.886649559987168 -1.042824 timing
19.498176952 20.291878536 4.795011 3.34531335564903 0.759031778618449 3.163847 timing
19.585621944 20.379323528 29.872328 2.09897437993204 0.0296032847619751 25.338572 timing
19.606531118 20.400232702 30.427956 2.12202319836066 0.0378917700037648 0.102434 timing
19.62336631 20.417067894 7.580938 2.75397747954414 0.0584809816306896 -22.803002 timing
20.47929911 21.273000694 0. 2.28211139598038 0.0779233014032967 -1.693833 timing
21.824982182 22.618683766 0. 2.06220822802706 2.06220822802706 -0.05312 timing
21.82599303 22.619694614 0. 2.51793823520869 2.51793823520869 -3.925142 timing
21.827452065 22.621153649 0. 2.11395459049033 0.854872995217428 -4.5261 timing
22.105180641 22.898882225 0.336032 2.86713111717491 2.45942489327081 -2.309414 timing
22.141372313 22.935073897 0.336032 1.982279984949 1.84464371039994 -2.309414 timing
22.152491217 22.946192801 0. 2.87474379486359 2.87352113587569 -1.636261 timing
22.164876178 22.958577762 0.208436 3.79113932251896 3.66158252595558 -1.085407 timing
22.182102634 22.975804218 0. 2.49177917428333 2.39951710889823 -0.787616 timing
22.192407162 22.986108746 0. 3.61812924786239 3.51059961529965 -0.345847 timing
22.206881427 23.000583011 1.11389 3.18247957970447 2.94624620199211 0.739595 timing
22.213688949 23.007390533 0.868792 3.23761418424384 3.15272118959036 -0.663072 timing
22.254672453 23.048374037 4.89884 3.57111836228128 1.11090121997078 3.717855 timing
22.255097941 23.048799525 4.509207 3.62845056036795 1.56160599510302 -0.945636 timing
22.266200153 23.059901737 4.272024 2.8093044836647 1.63961954902056 -0.518875 timing
22.269646519 23.063348103 4.240026 3.13654049576445 2.15795864803838 -0.742058 timing
22.277239785 23.070941369 4.804153 2.60209519167463 1.70350418213188 0.597075 timing
22.288486853 23.082188437 5.596378 3.04146991508425 1.87017488829061 0.098583 timing
22.29311693 23.086818514 0. 2.79019691290188 2.79019691290188 -6.123981 timing
22.316446258 23.110147842 3.317643 2.8066155546526 1.83250661381209 3.456239 timing
22.337332382 23.131033966 6.155014 2.67557982259423 1.13070131500618 2.836311 timing
22.346568999 23.140270583 3.914602 3.41089347859193 1.98909132010032 -2.252241 timing
22.354331006 23.14803259 0. 4.42052511543037 4.02798248083303 -5.147538 timing
23.087474558 23.881176142 3.084413 3.59184779457279 2.94375768044687 1.970295 timing
23.089518324 23.883219908 3.084413 3.59184779457279 2.98331707749641 1.970295 timing
23.089642995 23.883344579 3.084413 3.59184779457279 3.01369175124204 1.970295 timing
connected timeout
connected timeout
connected timeout
connected timeout
24.695597619 s
IP packets send/received: 378 10460 
