Connected
0.78734624 9.322831377 8.716247 4.52917793789437 1.34285153671425 2.699431 timing
0.793950798 9.329435935 0. 5.18147578132869 5.18147578132869 -7.460587 timing
0.809647046 9.345132183 0. 4.94586834040518 4.94586834040518 0.091403 timing
0.82463473 9.360119867 0.932372 4.02031209684771 4.02031209684771 0.362852 timing
0.83001884 9.365503977 0.66919 4.72163424337569 4.72163424337569 -0.032595 timing
0.837392516 9.372877653 1.225299 5.36219703455842 5.27910904724068 -0.092469 timing
0.84567891 9.381164047 3.175797 4.38650272255531 2.95079498926771 0.581455 timing
0.853678385 9.389163522 4.216865 5.37030751598858 4.29696587106532 -0.339423 timing
0.860934164 9.396419301 4.931475 4.38679986644679 1.75433336616998 1.457328 timing
0.86737878 9.402863917 4.364878 5.24788102069748 2.64264458011081 -0.430453 timing
0.873784423 9.40926956 4.315807 4.85685772510582 2.83365392963669 -0.072078 timing
0.882499447 9.417984584 4.533216 4.47795868055461 3.18468675717288 -0.360052 timing
0.890720817 9.426205954 2.907698 6.12085551508359 5.36271479580999 -1.390277 timing
0.90350577 9.438990907 0. 3.95719495646035 3.95719495646035 -2.431014 timing
0.914371491 9.449856628 0. 5.45285868213152 5.45285868213152 -0.224284 timing
0.925038646 9.460523783 3.106016 4.08942369551964 2.94267539375391 1.591502 timing
0.933912914 9.469398051 5.947295 5.11342445573895 1.42424435248518 1.748851 timing
0.944067975 9.479553112 7.89802 4.49495415058974 0.831184095405973 2.389023 timing
0.956371775 9.491856912 13.469585 3.59978296718659 0.289542810770766 4.356662 timing
0.963978031 9.499463168 14.777775 2.93427818619199 0.28150034184148 1.059743 timing
0.970293855 9.505778992 12.27949 5.86855637238397 0.48597045071861 -1.866302 timing
0.980682543 9.51616768 4.572093 4.63828838552375 0.736671170744227 -4.495867 timing
1.020155183 9.55564032 0. 5.56607480126439 1.10999325901311 -4.706854 timing
1.060312223 9.59579736 0. 5.52660810162159 1.42861440359665 -0.545098 timing
1.089380113 9.62486525 0. 5.02545008282453 1.72541618925659 -0.143511 timing
1.112351349 9.647836486 0. 5.12193673232691 2.03298437738861 0.134958 timing
1.133467885 9.668953022 0.059959 5.45788213253153 2.31949845376208 0.385188 timing
1.151791093 9.68727623 0.065235 5.0318421259533 2.49694701592429 0.174839 timing
1.167009402 9.702494539 0. 4.5073677332829 2.88373609977685 -0.231889 timing
1.180845223 9.71633036 0.286122 6.41823430394241 2.82720682698664 1.00971 timing
1.195515888 9.731001025 1.456059 3.95478739517725 2.27977281863492 0.635051 timing
1.208853376 9.744338513 1.340212 4.01916462507135 2.58396261959935 -0.082377 timing
connected timeout
1.2554917 9.790976837 6.518914 2.00958231253568 0.783790838066823 4.576158 timing
1.277273218 9.812758355 15.494388 2.69454095606865 0.353204690137475 8.70331 timing
1.310045618 9.845530755 4.181468 5.13944154371458 0.712126014314498 -11.886911 timing
1.376958442 9.912443579 4.621978 4.83913866049133 0.899542948289348 0.25909 timing
1.416225466 9.951710603 0. 4.85209893851451 1.54081379118625 -4.82028 timing
1.450936514 9.986421651 0.150379 5.44696061991093 1.9800565858212 -0.066906 timing
1.472899486 10.008384623 0.723734 5.94383827419727 2.45266633902573 0.014824 timing
1.494159622 10.029644759 2.838668 5.24500317728617 1.55957591414717 1.751631 timing
1.512422764 10.047907901 5.403643 3.4940174760586 0.920423376776298 2.289979 timing
1.533265444 10.068750581 12.871496 3.82783660062691 0.36102734491271 6.721284 timing
1.544478146 10.079963283 6.88336 5.09449647304688 0.775260777492302 -6.288489 timing
1.564503934 10.099989071 0. 4.27685091791495 1.04502132235125 -8.497407 timing
1.62992043 10.165405567 0.880554 4.91945976020636 1.32794482544869 0.536013 timing
1.661104024 10.196589161 0.840522 4.34617219054612 1.59914046200167 -0.132827 timing
1.68723373 10.222718867 1.82629 5.47072383078888 1.83197489442999 0.910658 timing
1.711212182 10.246697319 2.622923 4.05046267339436 1.65922056331672 0.735603 timing
1.727710934 10.263196071 0. 5.33703468502488 5.14253151974142 -3.584218 timing
1.746311352 10.281796489 0.248471 4.8682390191259 4.15787436793788 0.173772 timing
1.763748944 10.299234081 3.813354 5.78904745011964 0.860410930243696 3.137074 timing
1.776397772 10.311882909 10.162178 3.84446934578906 0.27069796920348 5.800052 timing
1.788280905 10.323766042 12.802133 3.03512175313849 0.204788368020696 4.453294 timing
1.793791921 10.329277058 12.91369 3.99606101163709 0.268977279562744 0.199611 timing
1.802161918 10.337647055 13.448398 3.8543899735046 0.329117955843234 0.50217 timing
1.817246615 10.352731752 10.526635 6.28271930080206 0.492552843909451 -3.768829 timing
1.911087807 10.446572944 5.33891 3.73272214868464 0.659997618465625 -4.955152 timing
1.965411591 10.500896728 0. 6.5411456586659 0.994108704549061 -6.925378 timing
2.007106519 10.542591656 0. 4.3859496488483 0.944689643735994 0.820276 timing
2.041495451 10.576980588 1.026888 3.79153149037688 1.10399045652 1.173614 timing
2.079309167 10.614794304 4.553747 3.94524622391488 0.96721002176931 2.912692 timing
2.113985503 10.64947064 9.972548 3.19356733205167 0.577332049370911 5.355326 timing
2.138731677 10.674216814 2.636136 5.47381088524625 1.33778368501596 -7.571846 timing
2.177942057 10.713427194 0.778146 5.6649103853982 2.20237121878274 -1.992293 timing
2.214620461 10.750105598 13.190301 4.3836085574546 0.645794899260883 12.74952 timing
2.22924014 10.764725277 12.314286 6.91638806999044 0.940025198917686 -1.503484 timing
2.481066268 11.016551405 12.2229 3.45819403499522 0.846085465579907 0. timing
connected timeout
2.547593208 11.083078345 0. 5.2198234136033 5.2198234136033 -13.737415 timing
2.580706444 11.116191581 0. 5.42899012466564 5.42899012466564 0.011397 timing
2.586341502 11.121826639 0. 6.02025810974772 6.02025810974772 -0.067226 timing
2.597292153 11.13277729 4.588725 5.07284316697252 2.19365029018269 2.872328 timing
2.614078171 11.149563308 3.790965 4.77837389171634 2.92841496412182 -0.782765 timing
2.620998353 11.15648349 4.353135 5.27965256895668 2.96262515640171 0.456256 timing
2.627916578 11.163401715 6.704805 5.16005411379992 1.53050805880125 2.272191 timing
2.640606546 11.176091683 9.531289 3.98288603656165 1.01086070618344 0.925799 timing
2.651582828 11.187067965 6.001725 5.28712946690478 3.43076016549062 -3.932899 timing
2.666968901 11.202454038 8.951742 5.27945011742942 1.50405205430157 2.149497 timing
2.689022461 11.224507598 7.039065 5.43099039002427 3.01136531248659 -1.532695 timing
2.698271508 11.233756645 6.321367 4.19269776071708 2.49567438273415 0.158808 timing
2.710446309 11.245931446 3.617862 5.62710406776704 4.69331261675811 -1.956738 timing
2.730868601 11.266353738 6.889176 4.49595017354439 1.3931968050351 2.731998 timing
2.744726843 11.28021198 7.719649 5.11911055454115 1.28651246681934 0.991841 timing
2.7569791 11.292464237 12.342469 4.11235173860061 0.43225450165731 4.719197 timing
2.763597207 11.299082344 12.1624 4.48279334060036 0.539062202856108 0.224704 timing
2.779962489 11.315447626 10.275051 6.89519049520884 1.02556751585001 -3.376826 timing
2.815689973 11.35117511 9.286033 3.44759524760442 0.841066121123583 1.509062 timing
2.848571257 11.384056394 9.726641 4.57753493150321 1.04548431052467 2.076249 timing
2.886944909 11.422430046 10.861706 2.83833881300997 0.798813714827989 1.850054 timing
2.919002319 11.454487456 10.287977 3.4724223876295 0.911979505398068 1.850054 timing
2.956219359 11.491704496 9.194864 4.83558880022856 1.16853691532501 1.868874 timing
2.994436563 11.5299217 10.733426 2.8870652463706 0.893108088101101 0.54337 timing
3.023919463 11.5594046 9.446865 3.19857906873206 1.09503359756098 0.425072 timing
3.060312279 11.595797416 9.446865 2.24364699999514 0.826552181655829 0.425072 timing
3.092084447 11.627569584 10.063588 3.58105816072097 1.08045306488541 1.686809 timing
3.128102343 11.66358748 9.262867 3.64195517243104 1.29020552570835 -0.072014 timing
3.164016519 11.699501656 11.696585 3.31393730703759 0.787948239341586 4.478948 timing
3.191693543 11.72717868 11.696585 3.2985596081672 1.52269412770184 -0.891471 timing
3.219171511 11.754656648 8.205065 3.40097327535377 2.06399752884671 -2.846387 timing
3.253290147 11.788775284 7.583368 3.65000375938803 2.31267283026536 -1.973758 timing
3.273866443 11.80935158 10.310804 2.4372909683449 1.02485319028091 2.879173 timing
3.288323246 11.823808383 9.280748 4.87458229926228 2.30343447084624 -0.816591 timing
3.302355608 11.837840745 8.238822 5.2240766674064 3.16300092028964 -1.752376 timing
3.31862248 11.854107617 6.735134 2.85393526562727 1.91778256391048 -1.752376 timing
3.34359271 11.879077847 11.512342 4.16926068528914 2.01189836990675 4.93616 timing
3.350898359 11.886383496 11.512342 2.08463034264457 1.00594912318984 -0.707703 timing
3.354516052 11.890001189 11.512342 1.56400079498283 0.75471670300829 -0.707703 timing
3.421160956 11.956646093 11.512342 0.782000397491413 0.377358351504145 -0.707703 timing
3.478429136 12.013914273 11.512342 1.56400079498283 0.75471670300829 -0.707703 timing
3.484087591 12.019572728 11.512342 1.76086915400899 0.849716550242084 -0.707703 timing
3.741793991 12.277279128 11.512342 0.880434577004493 0.424858275121042 -0.707703 timing
3.847089687 12.382574824 0. 0.669450377317661 0.669450377317661 -12.546817 timing
3.905057703 12.44054284 0. 1.33890075463532 1.33890075463532 -5.959088 timing
3.948727671 12.484212808 0.110003 2.67780172810065 2.67780172810065 -1.043963 timing
3.973053317 12.508538454 0.110003 4.01316771668172 4.01316771668172 -1.134767 timing
3.987484067 12.522969204 0. 4.96675240660435 4.96675240660435 -1.241977 timing
3.999846537 12.535331674 0.136343 5.36162322619577 5.36162322619577 -0.304662 timing
4.010888124 12.546373261 2.687739 4.79323680839589 4.26405604277173 1.682813 timing
4.025046276 12.560531413 9.946367 4.29878497141206 0.351581554775007 6.239914 timing
4.033930949 12.569416086 11.645157 4.70792354394232 0.327197161692434 1.131781 timing
4.04123569 12.576720827 12.745453 5.46526194579537 0.350080622815308 0.69943 timing
4.048479037 12.583964174 13.789438 4.02781414135454 0.34602418131194 0.852786 timing
4.053483547 12.588968684 11.682675 4.96778474671166 0.589171527883161 -2.234528 timing
4.060993558 12.596478695 11.604743 5.35747510673912 0.767620579540419 -0.369459 timing
4.088050858 12.623535995 0.290457 5.35672979231392 1.72249966830527 -12.489589 timing
4.122547138 12.658032275 0. 4.60930421703229 2.27063600190116 -1.265597 timing
4.141649872 12.677135009 0. 4.75779432209634 2.76974476474032 -0.295851 timing
4.159846874 12.695332011 0. 5.78989542390116 4.04405761844153 -0.317693 timing
4.174521588 12.710006725 1.306506 5.51192731414991 3.0021041664548 0.611493 timing
4.185010851 12.720495988 0.166186 3.91762654574565 3.91762654574565 -1.626928 timing
4.195937964 12.731423101 1.076801 5.75187895356106 5.72134061095495 0.538756 timing
4.207510293 12.74299543 3.951246 3.98646005072615 1.52940082660829 1.347691 timing
4.21768449 12.753169627 3.43879 3.5040600172936 2.12657936710511 -0.618616 timing
4.226207095 12.761692232 2.904638 4.61205363482832 4.04165340231904 -1.037958 timing
4.233684071 12.769169208 4.693815 5.60046665997828 2.319628004383 1.437476 timing
4.244079743 12.77956488 10.236796 3.12718245708665 0.516303518905961 4.815661 timing
4.253925397 12.789410534 0. 4.89335727645721 4.30115035557865 -10.903566 timing
4.264207852 12.799692989 1.188869 4.81114550719939 3.39721602045297 0.603475 timing
4.28303638 12.818521517 0. 5.85993699065554 5.85993699065554 -1.767055 timing
4.292574721 12.828059858 1.161168 4.25557833618679 4.20830276765771 0.582686 timing
4.301722637 12.837207774 1.073675 5.32820632230185 5.30106619894076 -0.529793 timing
4.311208803 12.84669394 0.571426 4.37722640030703 4.37722640030703 -0.746421 timing
4.32146437 12.856949507 5.642049 5.70981894395532 2.97635943318737 4.716741 timing
4.329129365 12.864614502 6.117572 5.87671312966897 3.19319232600888 0.000917 timing
4.370784481 12.906269618 4.415027 2.93835656483449 2.31900649028828 -2.601528 timing
4.385916463 12.9214016 9.366636 3.90656760681961 1.13971989213286 4.234588 timing
4.421257083 12.95674222 10.161464 5.59547744442687 0.904660570073095 3.111158 timing
4.43344236 12.968927497 7.232714 4.42130467616925 1.66201996290482 -3.778732 timing
4.455327386 12.990812523 0. 4.63038654429566 4.63038654429566 -8.490586 timing
4.486461254 13.021946391 0.768711 5.95905766581267 5.95905766581267 -0.129442 timing
4.496766966 13.032252103 4.405504 4.86362394307684 2.17818450634653 1.659211 timing
4.505920539 13.041405676 6.57961 3.60479368914683 1.28857334152219 1.150287 timing
4.520831116 13.056316253 3.231437 4.47798805396107 3.83627731246109 -4.153506 timing
4.528458465 13.063943602 5.691656 5.90065690906995 4.26253012538743 1.321652 timing
4.542522885 13.078008022 8.79652 5.44695337641959 1.69914828947497 1.129744 timing
4.557531314 13.093016451 4.698845 4.26063797488632 3.2970710522434 -4.920297 timing
4.56712546 13.102610597 5.747293 5.23954262093217 3.770384417432 0.024459 timing
4.579255561 13.114740698 10.5916 4.1516960403047 0.888986218217685 3.720816 timing
4.592631951 13.128117088 10.520773 4.27702508679876 1.43857931863109 -1.034344 timing
4.60451243 13.139997567 7.066609 4.30574805802458 2.82764914127675 -5.4796 timing
4.617414933 13.15290007 11.393749 3.39674483457506 1.24260911509606 3.371645 timing
4.631459936 13.166945073 4.962157 4.52413595050622 3.43765942895701 -7.053305 timing
4.643373312 13.178858449 0. 5.35531417854076 5.35531417854076 -5.864885 timing
4.662501958 13.197987095 0. 4.26696279832962 4.26696279832962 -1.637423 timing
4.672778268 13.208263405 1.249891 5.44498838569753 5.35148780277886 0.257767 timing
4.684010527 13.219495664 6.028855 4.07037798815904 0.997454554907517 3.801409 timing
4.695700193 13.23118533 12.227075 3.42220468602254 0.332649922908218 4.541866 timing
4.707230686 13.242715823 11.946785 4.90487230088326 0.539328162489463 -1.071718 timing
4.715970854 13.251455991 13.854658 3.07867668764905 0.492837136818375 0.083017 timing
4.721538023 13.25702316 11.804305 3.42635526791143 0.736490960409565 -1.550095 timing
4.733163852 13.268648989 10.736712 5.53393113119983 1.11809106696147 -1.683672 timing
4.791691244 13.327176381 0. 5.92546942817267 4.04040404040404 -11.591449 timing
4.8220738 13.357558937 0.343171 5.50533657098915 4.75437034844538 -0.268467 timing
4.835838452 13.371323589 6.227767 5.24419062812178 0.973800348580584 4.857772 timing
4.844817765 13.380302902 7.261375 5.32462535228844 1.1860091458215 -0.071057 timing
4.857903955 13.393389092 7.261375 3.64121255222686 2.35917351171127 -4.540485 timing
4.869142012 13.404627149 7.43151 3.83745169223562 2.45716993383233 -1.012306 timing
4.884384765 13.419869902 6.676325 4.59502035983295 3.10036651274904 -1.463558 timing
$400 bytes to E6C00 
invalid packet to $E6C00 
$400 bytes to E7400 
invalid packet to $E7400 
$400 bytes to E7800 
invalid packet to $E7800 
$400 bytes to E8400 
invalid packet to $E8400 
$400 bytes to E9000 
invalid packet to $E9000 
$400 bytes to E9400 
invalid packet to $E9400 
$400 bytes to EA400 
invalid packet to $EA400 
$400 bytes to EA800 
invalid packet to $EA800 
4.923964337 13.459449474 1.571978 2.29751017991647 2.20820410361523 -6.079618 timing
4.939384355 13.474869492 6.661999 4.26330431845613 2.8794080060864 3.82883 timing
4.975249291 13.510734428 12.396496 3.51744305248105 0.428971854168002 6.031572 timing
4.986599308 13.522084445 10.002783 7.0348861049621 1.27650815184152 -3.473292 timing
4.997624341 13.533109478 9.742554 4.48155366362362 1.80506727687577 -1.282366 timing
5.005473164 13.540958301 6.363519 5.1426146479142 3.54589591332466 -4.356043 timing
5.024164658 13.559649795 0. 5.0130443489506 5.0130443489506 -7.325123 timing
5.042076418 13.577561555 0. 5.37228061903205 5.37228061903205 -2.725192 timing
5.053952986 13.589438123 2.476463 6.16640640848604 5.56655135936958 1.044366 timing
5.06316844 13.598653577 5.098921 3.85892455795423 2.90453426624478 0.456999 timing
5.073770082 13.609255219 9.657201 3.55238824064959 0.907908266686527 2.180767 timing
5.084731278 13.620216415 11.815136 3.78527876808398 0.652614009086248 1.37795 timing
5.092556353 13.62804149 11.815136 4.83587853515147 0.302152779540008 1.49081 timing
5.098983787 13.634468924 13.697449 5.06833701533293 0.317968874449183 1.623312 timing
5.104837386 13.640322523 11.839032 5.83877927318887 0.509932827927985 -2.561899 timing
5.116034864 13.651520001 8.522704 6.07987555254728 0.802515148306112 -4.20233 timing
5.154394828 13.689879965 0. 5.32454834853368 1.12093909299717 -10.041902 timing
5.192488268 13.727973405 0.314672 5.27510965395938 1.45222812958087 -0.653004 timing
5.221427788 13.756912925 0. 4.74777654443644 1.89823099793609 -0.765105 timing
5.245336464 13.780821601 0.829923 3.42739816151802 2.05122157167967 -0.680562 timing
5.264955064 13.800440201 0. 4.48585623274322 3.97305818418098 -1.701632 timing
5.28217558 13.817660717 0. 5.69251984686065 5.69251984686065 -1.269755 timing
5.29579817 13.831283307 0.105836 5.35346109232302 5.35346109232302 -0.654715 timing
5.306109541 13.841594678 2.349563 4.48562227194687 2.50743284574804 1.218999 timing
5.317210845 13.852695982 5.514877 3.17301634672795 0.734743181606594 2.535169 timing
5.324769675 13.860254812 7.772919 4.61652405099422 0.717276450882499 1.138878 timing
5.33363193 13.869117067 10.699703 4.21644377041278 0.65420394312802 0.864727 timing
5.343101894 13.878587031 13.91659 3.00487999553963 0.399418230185233 3.034259 timing
5.349198968 13.884684105 12.739977 6.00975999107926 0.74133378363569 -2.130399 timing
5.362527517 13.898012654 3.804105 5.52687935909249 1.35668986222112 -9.63208 timing
5.402330797 13.937815934 3.696705 3.94239208441589 1.83603482818215 -2.014293 timing
5.424718765 13.960203902 1.316286 4.30191266282328 4.20862706899333 -5.075565 timing
5.450506937 13.985992074 5.272561 2.27458790794972 1.42059556630945 2.913999 timing
5.468979333 14.00446447 10.070108 2.81798474187851 1.31256115578444 4.0751 timing
5.477634361 14.013119498 10.070108 1.71089918173615 0.289766099474523 4.0751 timing
connected timeout
connected timeout
5.619427017 14.154912154 0. 3.4217983634723 3.4217983634723 6.995132 timing
5.676136101 14.211621238 0. 3.90342036494741 2.53406757982703 -10.103498 timing
5.696917529 14.232402666 10.975552 2.93119457271005 0.315831200868721 9.198138 timing
5.710586076 14.246071213 14.539635 2.26666299588268 0.216198070368883 3.248688 timing
5.724557815 14.260042952 11.972908 3.96813094832129 0.366064890900419 -3.050816 timing
5.735432335 14.270917472 9.767956 4.09294563931666 0.48627957894077 -2.516231 timing
5.810672479 14.346157616 9.767956 3.5997501442954 1.96033633216693 -12.942119 timing
5.867356139 14.402841276 5.035692 3.20188611103728 2.42058007198064 -5.280524 timing
5.885955579 14.421440716 5.035692 5.20511418989295 3.93499193499578 0.882405 timing
5.907552781 14.443037918 10.857184 6.05621628055392 1.23316311607916 4.328738 timing
5.916052686 14.451537823 9.03611 4.0761917462093 2.33530498222152 -3.283336 timing
5.929578612 14.465063749 10.028126 3.57981877167468 1.9146409498975 0.401625 timing
5.937316383 14.47280152 9.962674 3.57098876764489 1.91860316695993 -0.567554 timing
5.945106258 14.480591395 8.575597 6.25849565765295 3.70187522665061 -1.750497 timing
5.955728503 14.49121364 5.762517 4.9566017509353 3.56301794404905 -3.857293 timing
5.969424358 14.504909495 4.750782 5.17287813016116 3.98861841503055 -1.663108 timing
5.982018431 14.517503568 2.03643 3.16931766238836 2.9496204326026 -3.416882 timing
5.991603078 14.527088215 2.403475 4.24529866339425 3.85176216826187 -0.70383 timing
5.998669443 14.53415458 0.659283 5.20467270585324 5.20467270585324 -2.429471 timing
6.00998747 14.545472607 2.769562 5.77253044988673 5.1061917405541 1.732216 timing
6.020958305 14.556443442 4.733609 5.29676975927242 4.08901136844491 1.514571 timing
6.035015672 14.570500809 4.733609 5.50186280569146 0.343800647328943 3.028865 timing
6.042541748 14.578026885 9.409319 3.90888369210097 0.222198763086319 4.664262 timing
6.047949045 14.583434182 8.827203 4.99598406310357 0.32812554198593 -0.959851 timing
6.054177076 14.589662213 8.208204 5.10714117610753 0.517830970919164 -1.596711 timing
6.06043863 14.595923767 8.147399 4.0499049938364 0.664536397036486 -0.59019 timing
6.070275902 14.605761039 7.734353 3.87300908150185 0.818233584313567 -0.131026 timing
6.085549178 14.621034315 5.941245 3.48144860050399 1.01120584445378 -2.470278 timing
6.163906514 14.699391651 8.494922 4.79009003346105 1.19477597622291 1.999917 timing
6.19672508 14.732210217 8.494922 3.12268964516952 1.8574161056478 -1.920751 timing
6.225116536 14.760601673 8.494922 4.08765913154209 2.43139244631485 -2.889031 timing
6.250157168 14.785642305 8.494922 3.41080897939598 2.02879316154055 -3.406702 timing
6.268406204 14.803891341 7.670908 3.99057742442375 2.51316732327202 -0.888777 timing
6.281627264 14.817112401 7.045044 3.1484469484095 2.07072504255925 -0.640753 timing
6.29585393 14.831339067 7.378403 4.60334953805651 2.95845460472246 -0.325691 timing
6.311037317 14.846522454 7.378403 3.55883906342842 2.2871745611578 -0.183408 timing
6.325718877 14.861204014 8.210559 4.4453880523413 2.69680934896102 0.661963 timing
6.328551317 14.864036454 6.682955 8.89077731082747 5.9960577676835 -2.457101 timing
6.373598185 14.909083322 6.682955 4.44538865541373 2.99802860954438 -2.457101 timing
6.447432097 14.982917234 6.682955 2.22269432770687 1.49901416762353 -2.457101 timing
6.892956321 15.428441458 6.682955 1.11134716385343 0.749507083811763 -2.457101 timing
6.924776053 15.46026119 6.682955 2.22269432770687 1.49901416762353 -2.457101 timing
6.987835113 15.52332025 9.251506 1.11134716385343 0.627270236624527 0.222034 timing
7.010157083 15.54564222 10.97936 2.22269432770687 1.11293823301492 1.537702 timing
7.048748087 15.584233224 0. 4.44538865541373 4.44538865541373 -17.325196 timing
7.077070255 15.612555392 0. 4.91632805147141 4.91632805147141 -1.999887 timing
7.08583417 15.621319307 1.040631 5.0009240904348 4.98686018346435 -0.245799 timing
7.091787365 15.627272502 0.055663 4.90684291049699 4.90684291049699 -1.857866 timing
7.108574781 15.644059918 0. 5.18764034555561 5.18764034555561 -1.185302 timing
7.116146395 15.651631532 1.041731 5.16721869029424 5.15229442041798 -0.115403 timing
7.124518066 15.660003203 1.867192 4.59183301691613 4.32395341932504 0.189547 timing
7.131315253 15.66680039 3.289573 5.22303247658896 4.45655962790556 0.287455 timing
7.139337218 15.674822355 4.341588 5.53107372002349 4.38750530395672 -0.081313 timing
7.148480384 15.683965521 7.494294 5.22441399526888 1.36784720852807 1.259059 timing
7.156755044 15.692240181 8.341465 4.40207163898714 1.4837007539308 -0.056185 timing
7.167173624 15.702658761 12.023288 3.83736136437121 0.467265517926637 2.798746 timing
7.174191517 15.709676654 11.849718 4.16064550952353 0.787309327126353 -1.138294 timing
7.182115212 15.717600349 12.004983 4.19247353251592 1.18827966347549 -0.903529 timing
7.188438859 15.723923996 8.62093 4.83356305345241 2.85006367154269 -4.277333 timing
7.213700267 15.749185404 0. 5.91375105937862 5.91375105937862 -9.588257 timing
7.234100559 15.769585696 0.243849 5.78099030156311 5.78099030156311 -0.582549 timing
7.244943581 15.780428718 0.773136 5.92698600064284 5.92698600064284 -0.960212 timing
7.250731596 15.786216733 1.963338 4.45299069802206 4.16535895395186 0.538776 timing
7.261636916 15.797122053 7.043374 5.29537538616826 0.820286715841146 3.17861 timing
7.269393266 15.804878403 4.090284 4.04635776554809 3.26616015667362 -3.560383 timing
7.277131177 15.812616314 6.281147 5.04093141545748 2.50844998108022 1.457126 timing
7.28432766 15.819812797 7.719402 6.19525645427444 3.88852714795497 -0.426088 timing
7.292693815 15.828178952 8.476624 4.28122394297485 2.50869867993206 0.085068 timing
7.298608248 15.834093385 2.83299 5.08307306266011 4.47659568887223 -6.722753 timing
7.326117784 15.861602921 0. 5.10902358214773 5.10902358214773 -4.419162 timing
7.333324115 15.868809252 0.490294 5.13015289321022 5.13015289321022 -0.245827 timing
7.341149471 15.876634608 0.770859 5.65505282283228 5.65505282283228 -0.458687 timing
7.358415107 15.893900244 0.740221 5.68601823940275 5.68601823940275 -0.885528 timing
7.366427364 15.901912501 2.048693 4.29250385097906 3.99155303181646 0.440057 timing
7.377866571 15.913351708 4.0375 3.04377922048487 2.46589916859434 1.758386 timing
connected timeout
7.418021867 15.953507004 0. 1.52188961024244 1.52188961024244 -5.070812 timing
7.431261434 15.966746571 0. 3.04377922048487 3.04377922048487 -0.540923 timing
7.459908794 15.995393931 0. 3.77801661967589 3.77801661967589 -1.016645 timing
7.474484052 16.009969189 3.206971 5.37181560744566 2.89851688071181 2.273236 timing
7.487030141 16.022515278 5.450575 4.30646841596795 1.02481908665501 1.941656 timing
7.506271165 16.041756302 13.320462 4.4378792387076 0.224757326836442 7.463903 timing
7.513587849 16.049072986 12.264809 5.31607253726467 0.354206373639298 -1.634291 timing
7.525595653 16.06108079 13.225331 3.66495092054937 0.390806617798665 0.680478 timing
7.53790092 16.073386057 4.40649 3.99276506291578 0.615859232261401 -9.253408 timing
7.64172452 16.177209657 0. 5.47648494167196 0.928248288287267 -4.604693 timing
7.685720656 16.221205793 0. 5.36346792198354 1.21364446306196 -1.649284 timing
7.723011172 16.258496309 3.003288 4.83848056826159 1.03770247200439 2.922235 timing
7.75318888 16.288674017 5.450021 4.86458641068998 0.979973115337165 1.983233 timing
7.780419672 16.315904809 3.649854 3.48556513532839 1.3551343662373 -2.2099 timing
7.809468494 16.344953631 0. 5.84247914533773 5.84247914533773 -4.379428 timing
7.84916303 16.384648167 15.306663 4.96796776642789 0.115780274817598 14.902172 timing
7.864126966 16.399612103 15.254753 4.89238412202772 0.164936936185271 -1.262999 timing
7.872074408 16.407559545 17.031072 4.24955887223804 0.178504097314019 1.302454 timing
7.877789507 16.413274644 17.291212 2.54179873527517 0.201991430355761 0.151337 timing
7.963986867 16.499472004 0. 5.08359747055034 0.358034603310159 -18.32304 timing
8.087811115 16.623296252 0. 4.52744389813362 0.443523997398628 0.264476 timing
8.172379307 16.707864444 0. 3.93568007225663 0.639401310569752 -1.066254 timing
8.243972987 16.779458124 5.055655 3.21950441168784 0.713579402084572 5.31524 timing
8.291442731 16.826927868 1.156403 4.90786372530342 1.22349242866981 -4.159403 timing
8.330047567 16.865532704 0. 5.25418532548113 1.82438938241903 -1.338827 timing
8.355906559 16.891391696 0. 6.0785311799266 3.01534487362845 -1.502518 timing
8.379754683 16.91523982 0. 4.26872933001871 4.26872933001871 -0.962462 timing
8.393715736 16.929200873 0. 4.09789527656541 4.09789527656541 -1.885128 timing
8.404835337 16.940320474 0. 3.42058211693614 3.42058211693614 -0.940526 timing
8.419203508 16.954688645 4.00728 3.87187734769785 1.05661963105634 3.217747 timing
8.432091412 16.967576549 9.559239 4.4217592983048 0.354550779574586 5.100259 timing
8.439961189 16.975446326 9.127043 4.75934847122198 0.495160279731709 -0.600054 timing
8.452205762 16.987690899 12.235154 5.25400335558417 0.454345135695122 2.797064 timing
8.463373836 16.998858973 11.332898 6.01976263382251 0.628935935903812 -1.622434 timing
8.470953621 17.006438758 2.37403 6.92300752788334 0.940902977420396 -9.868109 timing
8.512492029 17.047977166 2.37403 3.46150376394167 3.14704089510878 -9.868109 timing
8.775800525 17.311285662 2.37403 1.73075188197083 1.57352044755439 -9.868109 timing
8.782895974 s
IP packets send/received: 416 10089 
