Connected
0.6174272 2.176892374 0. 6.01460700761921 5.9944277871583 0.338009 timing
0.633253988 2.192719162 0.024715 5.61972914579362 5.59817512611612 0.347274 timing
0.646968701 2.206433875 0.016521 5.5464829394193 5.54484235577284 -0.085635 timing
0.653600847 2.213066021 0.460641 5.34996315043082 5.17355273777691 0.623345 timing
0.659297088 2.218762262 1.523839 5.22327558421528 4.20751330288382 0.806204 timing
0.665552217 2.225017391 1.625178 5.64134780145307 4.47207159354263 0.244975 timing
0.671575325 2.231040499 1.70988 5.53841327704777 4.30588667849226 0.392743 timing
0.677911545 2.237376719 2.366542 4.86531302635299 3.30395054399029 0.767864 timing
0.684704261 2.244169435 2.732991 5.19611166946336 3.37814398163464 0.267174 timing
0.690859305 2.250324479 1.863661 5.66621517472876 4.34086493535465 -0.401286 timing
0.697598801 2.257063975 1.723612 5.63936915753146 4.50794627333662 0.105114 timing
0.704107533 2.263572707 0.378069 5.70180506118722 5.70180506118722 -1.001734 timing
0.713977353 2.273442527 0.241023 5.45383612660463 5.45383612660463 -0.793763 timing
0.72166267 2.281127844 0. 4.88480648978026 4.88480648978026 -0.722088 timing
0.729229673 2.288694847 0. 5.35189073571512 5.35189073571512 0.371665 timing
0.738293218 2.297758392 3.694659 4.08346071301551 2.31180008573302 1.920863 timing
0.744937797 2.304402971 4.446735 3.89926919641593 1.9188937128005 0.731752 timing
0.75095902 2.310424194 4.569217 5.733894987199 2.76225326291588 -0.143619 timing
0.757244742 2.316709916 3.716864 5.37019046083209 3.57433399559448 -0.663366 timing
0.763029544 2.322494718 3.414556 5.31714132256751 3.8398989026617 -0.045342 timing
0.769054258 2.328519432 2.086876 5.13983010703169 3.9769191110576 0.309467 timing
0.78019579 2.339660964 0. 5.09028466789419 5.09028466789419 -1.823105 timing
0.791559149 2.351024323 0. 5.55287996336943 5.55287996336943 -0.016953 timing
0.799289935 2.358755109 0. 5.15535120987446 5.15535120987446 0.208108 timing
0.808483947 2.367949121 0.55078 5.268327285186 5.07596520869501 0.291206 timing
0.814537577 2.374002751 0.32724 5.76172671747564 5.76172671747564 -0.090786 timing
0.820646104 2.380111278 0.516677 5.30907954999848 5.10298791404156 0.125507 timing
0.82660789 2.386073064 0.472846 5.7225855790075 5.7225855790075 -0.119936 timing
0.833114738 2.392579912 0.174848 5.13647443918957 5.13647443918957 -0.129663 timing
0.83895381 2.398418984 0.110044 5.1136877916322 5.1136877916322 -0.124769 timing
0.848396115 2.407861289 1.291376 4.90480916179075 4.80674234801912 0.052789 timing
0.882479899 2.441945073 0. 6.76035044560794 6.76035044560794 -1.635824 timing
0.889260463 2.448725637 0.04133 5.55125158123762 5.55125158123762 -0.117376 timing
0.89599479 2.455459964 0. 5.15913770227865 5.15913770227865 -0.006154 timing
0.902841636 2.46230681 0. 5.74767684613072 5.74767684613072 -0.174759 timing
0.909494873 2.468960047 0.481145 5.08912807680409 5.08912807680409 -0.101209 timing
0.915372287 2.474837461 1.535429 5.72360413787514 5.19308290485539 0.671504 timing
0.92245723 2.481922404 1.966009 5.17604279460187 3.8639668581827 0.560321 timing
0.927673506 2.48713868 1.861567 5.4535129956975 4.43775242357783 -0.110338 timing
0.934399941 2.493865115 1.849534 4.77177592399642 3.80242653018716 0.251251 timing
0.940682239 2.500147413 2.344368 5.26104702670887 3.71746579285951 0.43801 timing
0.946696339 2.506161513 2.031917 5.26108165899399 4.18875955679017 -0.173933 timing
0.952870869 2.512336043 1.373203 5.11547520232494 4.89835480275108 -0.432087 timing
0.959026472 2.518491646 0. 5.34110157612048 5.34110157612048 -1.539331 timing
0.966780377 2.526245551 0. 5.42566590991918 5.42566590991918 0.027161 timing
0.975908945 2.535374119 0.142681 5.07365061610605 5.07365061610605 0.256033 timing
0.983756232 2.543221406 0.277324 6.05533326877859 6.05533326877859 -0.062411 timing
0.98984702 2.549312194 0.094207 5.1216005001563 5.1216005001563 -0.052606 timing
0.996341713 2.555806887 0.519094 5.16339348153088 5.16339348153088 0.075408 timing
1.002315302 2.561780476 0.529562 4.55470110121519 4.43198969259428 0.208886 timing
1.008266611 2.567731785 0.371231 5.2434152478285 5.2434152478285 -0.108233 timing
1.014425427 2.573890601 0.707326 5.43260841633198 4.74956853399251 0.449252 timing
1.021117779 2.580582953 0.563531 5.68484435899598 4.85284626364308 0.170025 timing
1.027009931 2.586475105 0.610097 5.67591213768383 5.22448896293224 -0.115926 timing
1.033647036 2.59311221 0. 5.57867803649192 5.57867803649192 -0.438404 timing
1.039257578 2.598722752 0.103693 5.7729779249837 5.7729779249837 0.091779 timing
1.046721981 2.606187155 0.26273 5.27116888749188 5.10825420798052 0.156245 timing
1.053288754 2.612753928 0. 5.18524578568231 4.96981302686153 0.056362 timing
1.059590469 2.619055643 0.130248 5.17127072520728 4.96835418567313 0.026785 timing
1.066024118 2.625489292 0.518103 5.04027156678029 4.46508443776087 0.417602 timing
1.072300759 2.631765933 1.230181 4.98784699389671 4.16203960262988 0.557094 timing
1.078287061 2.637752235 1.142215 4.88012289664961 4.26715061044032 0.021564 timing
1.087932753 2.647397927 2.047476 5.1658599214527 4.38081015843137 -0.328524 timing
1.127036829 2.686502003 4.033411 6.26936696383405 5.08052905225993 -2.180014 timing
1.130789112 2.690254286 0.349645 3.86794499604683 3.86794499604683 -3.927508 timing
1.137409105 2.696874279 0. 6.02689960084297 6.02689960084297 -0.655701 timing
1.144958858 2.704424032 0.056379 5.36007964219898 5.36007964219898 0.201013 timing
1.151951047 2.711416221 0. 5.39835611094307 5.39835611094307 0.153778 timing
1.158818147 2.718283321 0.137438 5.21917243114875 5.21917243114875 0.433923 timing
1.166846885 2.726312059 0.548496 5.52581405757113 5.52581405757113 -0.09818 timing
1.172274996 2.73174017 0.858518 5.38797072395595 5.38797072395595 0.59258 timing
1.178507498 2.737972672 1.041849 5.42589141063904 5.41017561441932 0.13808 timing
1.185204739 2.744669913 1.134553 4.97328951350459 4.78779509674727 0.077058 timing
1.192000178 2.751465352 1.031601 5.46370822517521 5.45175369346829 -0.122919 timing
1.197640823 2.757105997 1.305977 4.75813975438253 4.09401593752628 0.461009 timing
1.203720785 2.763185959 1.362167 5.76028137624457 5.09668267675385 -0.052315 timing
1.209658266 2.76912344 1.381474 4.96918673544995 4.70709914672336 -0.11506 timing
1.216193678 2.775658852 1.259385 5.02121081546253 4.80531987390141 0.015776 timing
1.222311636 2.78177681 0.68297 6.02420935009944 6.02420935009944 -0.573224 timing
1.2283946 2.787859774 0. 5.21605196695524 5.21605196695524 -0.639672 timing
1.2353247 2.794789874 0.065819 5.23957864628655 5.23957864628655 0.331247 timing
1.242359774 2.801824948 0.15383 5.49075278676482 5.49075278676482 -0.203082 timing
1.249380111 2.808845285 0.631489 5.55021634800236 5.55021634800236 0.060856 timing
1.255834294 2.815299468 1.315656 5.15204977463713 4.25446609878131 0.71131 timing
1.261787699 2.821252873 1.234186 4.94000773082265 4.29038107770162 0.002691 timing
1.268023064 2.827488238 0.996005 5.02252456964515 4.74702546731067 -0.138489 timing
1.274539688 2.834004862 1.042155 4.92933931689659 4.58723687574003 0.096107 timing
1.28065995 2.840125124 1.445257 5.10353631083227 4.21641501526533 0.385001 timing
1.286141841 2.845607015 1.011784 5.18614276833161 4.70503097153261 -0.120919 timing
1.292913534 2.852378708 0. 5.9165336854942 5.9165336854942 -1.118343 timing
1.300099329 2.859564503 0. 5.09714805171129 5.09714805171129 0.016297 timing
1.307362792 2.866827966 0.149361 5.06708302683368 5.06708302683368 -0.169395 timing
1.315517392 2.874982566 0.289809 5.2180712022759 5.2180712022759 0.059002 timing
1.321537848 2.881003022 0.412155 6.01186374380889 6.01186374380889 0.152662 timing
1.3310039 2.890469074 2.178507 5.17395627969048 4.76810907980791 0.385573 timing
1.36477618 2.924241354 0. 5.95240906536206 5.95240906536206 -2.22606 timing
1.371734146 2.93119932 0.23167 5.20888307863302 5.20888307863302 0.137152 timing
1.379020377 2.938485551 0.195765 4.99015309755591 4.99015309755591 0.049536 timing
1.385956622 2.945421796 0.162299 4.86431922094887 4.86431922094887 0.331674 timing
1.391615917 2.951081091 0.186089 5.3371989803813 5.3371989803813 -0.176409 timing
1.398104744 2.957569918 0.598029 5.46538409384422 5.08350125528413 0.588633 timing
1.404439635 2.963904809 0.631022 5.23207931403046 4.94338669660537 0.015863 timing
1.410592863 2.970058037 0.26402 5.3943729815138 5.24804407537016 -0.053208 timing
1.416711726 2.9761769 0. 5.62495483196289 5.62495483196289 -0.258284 timing
1.423360424 2.982825598 0.032503 4.89380014603143 4.74214101704511 0.237317 timing
1.429954576 2.98941975 0.446029 5.85301097475282 4.94040992375896 0.423412 timing
1.436829918 2.996295092 0. 4.9907063933069 4.78546741404545 -0.241046 timing
1.442255865 3.001721039 0.142711 5.57182162757113 5.47438517999998 -0.053153 timing
1.448501076 3.00796625 0.684132 4.57626339881686 3.99262446459683 0.502763 timing
1.454748384 3.014213558 0.411568 5.16407945256471 4.90591726864014 -0.246954 timing
1.461243217 3.020708391 0.152836 5.188964582403 5.188964582403 -0.270908 timing
1.467637544 3.027102718 0. 5.58369536415942 5.58369536415942 -0.158501 timing
1.47421577 3.033680944 0.098536 5.65914301839843 5.56937550521755 0.229528 timing
1.481546005 3.041011179 0. 5.18016519048505 4.95656876203009 0.105505 timing
1.48847799 3.047943164 0.030262 5.56736850600393 5.42311214280288 -0.027106 timing
1.494779915 3.054245089 0.090401 5.39485967075682 5.32643255157706 -0.01911 timing
1.500982592 3.060447766 0.307499 5.59628016787474 5.34981466340314 0.108681 timing
1.507320345 3.066785519 0.54041 5.20528369336228 4.61106650332054 0.317854 timing
1.513454645 3.072919819 0.522474 5.20629846446925 4.52458760154191 0.184165 timing
1.519727586 3.07919276 0.617887 5.49659951582688 4.91768638223486 0.000289 timing
1.525796164 3.085261338 0.653393 5.52222413778866 5.41529878094631 -0.231655 timing
1.531931721 3.091396895 0.440046 5.20643495531281 5.00959326102078 0.094095 timing
1.538255577 3.097720751 0.089059 5.24675252310225 5.24675252310225 -0.252803 timing
1.544792805 3.104257979 0. 5.1023792521514 5.1023792521514 -0.280731 timing
1.551890948 3.111356122 0.143892 5.75355242531338 5.75355242531338 -0.136261 timing
1.55818526 3.117650434 0.413818 5.10946651543677 5.10946651543677 0.19237 timing
1.567780383 3.127245557 1.345446 5.01207667584048 4.89349100585074 -0.451827 timing
1.602384291 3.161849465 0.218379 5.77716619490355 5.77716619490355 -1.39367 timing
1.608493657 3.167958831 0.394698 5.09136346707433 5.09136346707433 -0.405283 timing
1.614866056 3.17433123 0. 5.58371534502719 5.58371534502719 -0.602707 timing
1.621568186 3.18103336 0.079799 5.60309346571371 5.60309346571371 0.166404 timing
1.628443876 3.18790905 0. 5.62893486905958 5.62893486905958 -0.512675 timing
1.634678542 3.194143716 0.8812 5.21071861101782 5.21071861101782 0.744452 timing
1.640723093 3.200188267 0.627319 5.21705017589713 5.21705017589713 -0.027276 timing
1.647048903 3.206514077 1.125583 5.3118206326818 5.06880428472362 0.242142 timing
1.653523271 3.212988445 1.390759 5.38495758244854 4.54665917400323 0.37642 timing
1.659641997 3.219107171 1.343801 6.20294855857355 5.22076567193619 0.083619 timing
1.665164818 3.224629992 1.701415 5.38717527423333 4.5842039702161 0.06301 timing
1.671433496 3.23089867 1.299319 5.48431902843467 5.27057963669223 -0.255873 timing
1.677702314 3.237167488 1.27766 5.49557442572186 5.32911011764928 -0.009362 timing
1.683623103 3.243088277 0.592225 5.16451326259236 5.16451326259236 -0.263397 timing
1.690311613 3.249776787 0.368392 5.31775052401784 5.31775052401784 -0.438267 timing
1.696980287 3.256445461 0.155503 4.83811551502794 4.83811551502794 -0.377046 timing
1.703547199 3.263012373 0.593383 5.76414500568006 5.76414500568006 0.061326 timing
1.710112784 3.269577958 0.435646 4.89821714642079 4.89821714642079 -0.041506 timing
1.716159011 3.275624185 0.335827 5.3821767626555 5.3821767626555 -0.037086 timing
1.72154822 3.281013394 0. 5.68001977467822 5.68001977467822 0.022858 timing
1.72813797 3.287603144 0. 5.44608701274116 5.44608701274116 0.046241 timing
1.73450897 3.293974144 0.069367 5.32760598347642 5.32760598347642 -0.254492 timing
1.741453526 3.3009187 0. 5.32683345208491 5.32683345208491 -0.192811 timing
1.747528109 3.306993283 0.059214 5.30489034865472 5.30489034865472 0.279762 timing
1.753671421 3.313136595 0.63476 5.38042872335831 4.83691858409718 0.434338 timing
1.759199548 3.318664722 0.631307 5.92457913845901 5.55294865674667 -0.082728 timing
1.76558305 3.325048224 0.634376 5.10529276831727 4.76543315806657 0.115149 timing
1.77209227 3.331557444 0.963429 5.24923619512395 4.61719861393862 0.348406 timing
1.77785158 3.337316754 0.723366 5.68558019707976 5.10615275200565 0.022078 timing
1.784170547 3.343635721 0.765661 5.20599490140416 4.86513676961332 -0.056809 timing
1.790289831 3.349755005 0.636058 5.08287831014151 4.88984055341391 -0.199814 timing
1.800506774 3.359971948 1.688238 5.23546825230458 4.85636753549129 -0.40289 timing
1.83492455 3.394389724 0. 6.0268164640531 6.0268164640531 -2.29883 timing
1.841050189 3.400515363 0. 4.91569599372577 4.91569599372577 0.059583 timing
1.847907511 3.407372685 0.058562 5.38190803158783 5.38190803158783 -0.07618 timing
1.854147417 3.413612591 0. 5.22537291060033 5.22537291060033 -0.07693 timing
1.861211266 3.42067644 0.314988 5.63956424177566 5.63956424177566 -0.024079 timing
1.867311762 3.426776936 0.961341 5.12679059435443 5.1229224671762 0.565242 timing
1.873211037 3.432676211 0.386711 5.39057573777007 5.39057573777007 -0.433758 timing
1.879538734 3.439003908 0.414738 5.3230312232624 5.3230312232624 0.199952 timing
1.886276065 3.445741239 0.405169 5.39748290967287 5.39748290967287 0.049216 timing
1.892285695 3.451750869 0.459047 5.4736197852112 5.18658603990354 0.230087 timing
1.898574629 3.458039803 0.704612 5.58244161290449 5.16022800875639 0.142885 timing
1.90507505 3.464540224 0.687112 4.87307736292871 4.6131028846675 0.015185 timing
1.910841344 3.470306518 0.690975 5.72038177543067 5.44383412852718 0.007224 timing
1.917274155 3.476739329 0.533184 5.16665733762942 4.82726200933897 0.147395 timing
1.923384568 3.482849742 0.648221 5.3268802133093 4.72652356028041 0.31209 timing
1.928984284 3.488449458 0.499704 5.40941556587063 5.20441396818459 -0.236473 timing
1.935603091 3.495068265 0. 5.15423701940137 5.15423701940137 -0.557649 timing
1.942152962 3.501618136 0.439521 5.75124597458415 5.15022052839427 0.727461 timing
1.948510691 3.507975865 0.197794 5.27136222437072 5.15272301157539 -0.214275 timing
1.955031087 3.514496261 0. 5.503015927476 5.20742700377001 0.14405 timing
1.962548781 3.522013955 0.327723 5.67388756359272 4.74135193063805 0.527888 timing
1.968579852 3.528045026 0.313393 5.85633639047866 4.88522013680346 0.176241 timing
1.974351943 3.533817117 0.363568 5.49458657126261 5.20227891822827 -0.317217 timing
1.981334356 3.54079953 0.255302 5.35096783801826 5.22545957189759 -0.066463 timing
1.987150588 3.546615762 0.33378 5.13654851465996 5.13654851465996 -0.340988 timing
1.993474723 3.552939897 0.082792 5.47550668238068 5.47550668238068 -0.222849 timing
2.000564694 3.560029868 0.518758 5.09871446047578 4.93984240383151 0.435828 timing
2.007126927 3.566592101 0.589521 5.41602825696383 5.41602825696383 -0.167118 timing
2.012954403 3.572419577 0.344385 5.4442167159783 5.4442167159783 -0.437842 timing
2.018892581 3.578357755 0.118304 5.24694743365057 5.24694743365057 -0.215969 timing
2.025917458 3.585382632 0.273581 5.09918179358055 5.09918179358055 0.447528 timing
2.035393151 3.594858325 1.331963 5.43005800921957 5.30653979856266 -0.023478 timing
2.068864963 3.628330137 0.14922 6.04921969164265 6.04921969164265 -1.255894 timing
2.074838974 3.634304148 0.018518 5.27379625938361 5.27379625938361 -0.096899 timing
2.081106676 3.64057185 0.105532 5.18465097748582 5.18465097748582 0.013893 timing
2.087657733 3.647122907 0. 5.10199553606531 5.10199553606531 0.045854 timing
2.093677979 3.653143153 0.224238 5.25002170953191 5.25002170953191 0.130938 timing
2.099964189 3.659429363 1.202454 5.46026858096005 4.53031319827005 1.067796 timing
2.106409781 3.665874955 1.691181 5.36101357971833 4.11806976539017 0.555312 timing
2.112942539 3.672407713 1.33244 5.65360684864904 4.66123273446279 -0.027568 timing
2.118283346 3.67774852 1.284693 5.44750303105466 4.69793933252501 0.032234 timing
2.124495732 3.683960906 1.044898 5.43370655795716 5.27195080199037 -0.451444 timing
2.130686466 3.69015164 0.512001 5.35697149318878 5.35697149318878 -0.154679 timing
2.136645179 3.696110353 0. 5.22991900552375 5.22991900552375 -1.016264 timing
2.144235301 3.703700475 0. 5.70108783116652 5.70108783116652 -0.006718 timing
2.151815084 3.711280258 0.173827 5.55599922614806 5.55599922614806 -0.04574 timing
2.157753193 3.717218367 0.42277 4.50774534870508 4.50774534870508 0.399099 timing
2.164552266 3.72401744 0.720036 5.38273287366775 5.25890409112181 0.122076 timing
2.170355439 3.729820613 0.405553 5.12308025200152 5.12308025200152 -0.115711 timing
2.176373379 3.735838553 0.916717 5.28282065994309 5.19976686103906 0.109356 timing
2.182385383 3.741850557 0.926399 5.68791720303337 5.62031133313963 -0.002901 timing
2.188693245 3.748158419 0. 5.2017850656954 5.2017850656954 -0.519502 timing
2.194854504 3.754319678 0.13246 5.11857319772114 5.11857319772114 0.236132 timing
2.201345495 3.760810669 0. 5.17850906096854 5.17850906096854 -0.22134 timing
2.207583862 3.767049036 0.319849 5.0927134007461 4.7358657863036 0.560561 timing
2.214328877 3.773794051 0.220858 5.59765775741444 4.85859614031628 0.364009 timing
2.220428255 3.779893429 0.931014 4.88315478503866 4.04791281965886 0.538286 timing
2.226235338 3.785700512 0.62027 5.13797568963541 4.52309868148526 -0.121297 timing
2.233152586 3.79261776 0.86591 5.06973202270364 4.28266979920542 0.451436 timing
2.2390791 3.798544274 0.159426 5.23655005828954 4.69606493891948 -0.135789 timing
2.245694483 3.805159657 0.059129 4.92814129905131 4.65238315373877 -0.144279 timing
2.254285396 3.81375057 0.536774 5.43242738720601 5.12372430710573 0.124825 timing
2.261046125 3.820511299 0. 5.94100513727968 5.87247194545168 -0.685122 timing
2.271687366 3.83115254 1.133909 5.80172745160078 5.70196579307753 -0.09329 timing
2.30494539 3.864410564 0.126476 6.01639821035655 6.01639821035655 -0.820518 timing
2.311051264 3.870516438 0.71959 5.61731878626966 5.61731878626966 0.455298 timing
2.317354864 3.876820038 1.034646 5.43023348114789 5.41382968476437 0.082541 timing
2.323016042 3.882481216 1.17843 5.34177288238433 5.1533931826056 0.119158 timing
2.329247914 3.888713088 1.815094 5.67662796380249 4.79746423094238 0.493255 timing
2.335496061 3.894961235 0.959674 5.18733156369678 5.18733156369678 -0.860574 timing
2.341120154 3.900585328 1.358983 6.26031668398851 6.00159930313461 0.396528 timing
2.348047109 3.907512283 1.814196 5.09168387306094 4.3024085899016 0.640662 timing
2.354559962 3.914025136 1.992101 5.30030220198376 4.33735769037821 0.209582 timing
2.360325556 3.91979073 1.403068 5.98393752512101 5.45204395910102 -0.267353 timing
2.366868441 3.926333615 0.988456 5.69296884989798 5.69296884989798 -0.578263 timing
2.372858655 3.932323829 1.426373 5.53316487980293 5.37203136985652 0.044191 timing
2.378761983 3.938227157 0.893502 5.13824397752269 5.13824397752269 0.022503 timing
2.385290621 3.944755795 0. 5.64250184206126 5.64250184206126 -0.862341 timing
2.392685599 3.952150773 0. 5.67675285855898 5.67675285855898 -0.294738 timing
2.398645989 3.958111163 0.987845 4.57074244993358 4.26553474481641 1.126509 timing
2.404690259 3.964155433 1.261112 5.43760724040769 4.77809448985151 0.291056 timing
2.411379955 3.970845129 1.1718 5.62460048652245 5.03875945151824 0.068448 timing
2.417240958 3.976706132 1.712132 5.354702465781 4.5966015055946 0.217635 timing
2.423862558 3.983327732 1.652379 5.45722586133504 5.00105842102508 -0.213167 timing
2.429611042 3.989076216 1.183301 5.23937422991528 4.92801011589577 0.117025 timing
2.435710001 3.995175175 0.457061 5.04683197628876 5.04683197628876 -0.669961 timing
2.441992858 4.001458032 0. 4.92855861168905 4.92855861168905 -0.455837 timing
2.448666003 4.008131177 0. 5.25087056479068 5.25087056479068 -0.381385 timing
2.455783353 4.015248527 0. 5.20766783317918 5.20766783317918 -0.233952 timing
2.462675108 4.022140282 0. 5.3019179163825 5.3019179163825 0.035315 timing
2.468122006 4.02758718 0.112787 5.569821385986 5.569821385986 0.020744 timing
2.475698858 4.035164032 0.260277 4.89763438938077 4.89763438938077 -0.143471 timing
2.482076704 4.041541878 0.140406 4.9859701118724 4.9859701118724 0.118453 timing
2.487798647 4.047263821 0. 5.58656170040972 5.58656170040972 -0.016745 timing
2.493738571 4.053203745 0.60782 5.28973435098731 5.28973435098731 0.214996 timing
2.503927714 4.063392888 1.338355 5.02290489391397 4.90647408117034 -0.433637 timing
2.538695826 4.098161 0.382661 6.36934751508366 6.36934751508366 -1.474862 timing
2.544338637 4.103803811 0. 5.23150545158694 5.23150545158694 -0.187878 timing
2.550538381 4.110003555 0. 4.71419271535803 4.71419271535803 0.086276 timing
2.557857439 4.117322613 0.31684 5.22642553994408 5.22642553994408 0.133015 timing
2.563910651 4.123375825 0.027898 5.06279281438162 5.06279281438162 -0.403876 timing
2.570212856 4.12967803 0.927543 5.53988802217308 5.53988802217308 0.609578 timing
2.576481954 4.135947128 0.723362 5.48288472556127 5.41438162071239 0.068423 timing
2.582843596 4.14230877 0.15113 5.10333362872282 5.10333362872282 -0.528062 timing
2.589323761 4.148788935 0. 4.96226660249803 4.96226660249803 -0.224331 timing
2.595206413 4.154671587 0.173483 5.20235242603659 5.20235242603659 0.132286 timing
2.60215998 4.161625154 0.255459 4.7427731617629 4.7427731617629 0.209002 timing
2.60850933 4.167974504 0.817462 5.48788463383929 5.24778100763865 0.274839 timing
2.615088115 4.174553289 0.538109 5.38683165592139 5.38683165592139 -0.450786 timing
2.620456788 4.179921962 0.043713 5.44675509332605 5.44675509332605 -0.502025 timing
2.627189649 4.186654823 0. 4.96079942023079 4.96079942023079 0.002139 timing
2.633231756 4.19269693 0. 6.03399351006875 6.03399351006875 -0.018708 timing
2.639871375 4.199336549 0. 5.51144059550739 5.51144059550739 0.140577 timing
2.645880306 4.20534548 0.266321 4.9580049356116 4.90411473904387 0.1782 timing
2.652344897 4.211810071 0.334936 5.19771641831529 5.041527831563 0.121481 timing
2.659037178 4.218502352 0.251581 5.11140883986088 5.00683994109996 -0.007907 timing
2.665384782 4.224849956 0.897478 4.91552860308712 4.24236641394326 0.859102 timing
2.671085213 4.230550387 1.463936 6.36753551813177 4.99046393130314 0.449787 timing
2.677370235 4.236835409 0.858473 5.0900474566772 4.49254763289162 -0.05779 timing
2.683359469 4.242824643 0.849938 5.3641580344342 4.78255767588247 0.129458 timing
2.689799195 4.249264369 0.275588 5.65483617231374 5.42333384088818 -0.331998 timing
2.696238922 4.255704096 0. 5.46849523926502 5.46849523926502 -0.566043 timing
2.703175099 4.262640273 0. 4.99160728139744 4.99160728139744 0.056827 timing
2.710061265 4.269526439 0.109319 5.3301286628775 5.3301286628775 -0.136343 timing
2.716856286 4.27632146 0.113581 5.79454681650059 5.79454681650059 -0.285068 timing
2.723321017 4.282786191 0.661651 4.40562394676036 4.40420754505482 0.636172 timing
2.730254539 4.289719713 0.843826 5.69639408588851 5.69583761300462 -0.004918 timing
2.383218153 s
IP packets send/received: 320 10066 
