754963 66560122 0 slack
611744 66622624 0 slack
0 66601547 0 slack
912616 66657420 0 slack
2900929 66703034 0 slack
4440066 66733285 0 slack
4142157 66794056 0 slack
705992 66849276 0 slack
2444795 66886782 0 slack
0 66691939 0 slack
2302597 66763226 0 slack
2177734 66787774 0 slack
7438878 66812271 0 slack
11439124 66850366 0 slack
8071886 66887947 0 slack
12195890 66930483 0 slack
9494459 66966864 0 slack
15284110 66996344 0 slack
0 67179225 0 slack
912640 67436163 0 slack
1013902 67526292 0 slack
3414726 67604440 0 slack
0 67571773 0 slack
0 66689107 0 slack
109275 66746355 0 slack
886083 66831776 0 slack
732458 66878416 0 slack
7813007 66914029 0 slack
3690273 66949642 0 slack
2160182 67011957 0 slack
0 66828563 0 slack
753971 66890878 0 slack
6469195 66935132 0 slack
4386027 67014569 0 slack
0 66756709 0 slack
1134610 66917027 0 slack
125378 66978230 0 slack
791068 67039242 0 slack
341752 67094516 0 slack
0 66564890 0 slack
4094192 66618529 0 slack
407116 66663492 0 slack
17291450 66708492 0 slack
11816256 66752130 0 slack
8381437 66816543 0 slack
3489958 66875860 0 slack
0 66879784 0 slack
1429113 67042555 0 slack
8957318 67069230 0 slack
6917334 67096259 0 slack
6099236 67219561 0 slack
581746 67298060 0 slack
0 67052375 0 slack
0 66886501 0 slack
2093318 66955928 0 slack
2939123 67010872 0 slack
2626775 67060562 0 slack
0 66972202 0 slack
802435 67025660 0 slack
4073385 67056307 0 slack
2820131 67089262 0 slack
3989769 67136878 0 slack
0 66469277 0 slack
73402 66516893 0 slack
4503373 66563664 0 slack
5457216 66590385 0 slack
7576891 66617134 0 slack
1138309 66685099 0 slack
898983 66761793 0 slack
0 66805000 0 slack
1964456 66858549 0 slack
3036553 66895104 0 slack
7124570 66931664 0 slack
640819 66979438 0 slack
2531187 67032902 0 slack
204119 67080255 0 slack
206953 67155997 0 slack
912924 67218057 0 slack
1289017 67266953 0 slack
217197 67317622 0 slack
171555 67363923 0 slack
6220029 67404507 0 slack
8816445 67450452 0 slack
11041216 67478516 0 slack
13297113 67510361 0 slack
9167822 67553540 0 slack
0 66604253 0 slack
3272063 66854913 0 slack
1055879 66907740 0 slack
4072433 66960572 0 slack
228431 67064232 0 slack
2050869 67103878 0 slack
0 67097389 0 slack
212452 67176595 0 slack
0 67059317 0 slack
992408 67138523 0 slack
1415397 67183218 0 slack
4021967 67265100 0 slack
1823426 67334534 0 slack
0 67032102 0 slack
2465676 67073653 0 slack
0 67064817 0 slack
4089928 67110699 0 slack
118541 67155804 0 slack
439482 67195989 0 slack
0 66989613 0 slack
0 66797865 0 slack
7756770 66843002 0 slack
16031536 66887022 0 slack
4958186 66936365 0 slack
7765639 66963048 0 slack
12631536 66989405 0 slack
0 67923301 0 slack
2937449 68150960 0 slack
8202494 68178316 0 slack
10005882 68205716 0 slack
3769457 68334316 0 slack
3881747 68380031 0 slack
0 67670526 0 slack
0 67649139 0 slack
3173436 67726128 0 slack
82344 67780679 0 slack
3831862 67819319 0 slack
380450 67852641 0 slack
0 66768598 0 slack
410365 66861746 0 slack
398210 66954894 0 slack
3258056 67048042 0 slack
521051 67091826 0 slack
2560479 67181437 0 slack
0 66813552 0 slack
14306060 66861495 0 slack
7667910 66907981 0 slack
1968458 66954465 0 slack
6093610 66987770 0 slack
3822569 67021055 0 slack
0 67034470 0 slack
501600 67146122 0 slack
0 66739234 0 slack
565309 66799573 0 slack
801464 66848548 0 slack
1498251 66902791 0 slack
151888 66962829 0 slack
1688559 67006418 0 slack
1858237 67049730 0 slack
3271119 67100234 0 slack
12048119 67130313 0 slack
9014746 67165496 0 slack
5921567 67210497 0 slack
14952226 67239726 0 slack
19685273 67289830 0 slack
186933 67772279 0 slack
0 67167773 0 slack
